-1 1 0
-1 0.92 0
-1 0.84 0
-1 0.76 0
-1 0.68 0
-1 0.6 0
-1 0.52 0
-1 0.44 0
-1 0.36 0
-1 0.28 0
-1 0.2 0
-1 0.12 0
-1 0.04 0
-1 -0.04 0
-1 -0.12 0
-1 -0.2 0
-1 -0.28 0
-1 -0.36 0
-1 -0.44 0
-1 -0.52 0
-1 -0.6 0
-1 -0.68 0
-1 -0.76 0
-1 -0.84 0
-1 -0.92 0
-1 -1 0
-0.92 -1 0
-0.84 -1 0
-0.76 -1 0
-0.68 -1 0
-0.6 -1 0
-0.52 -1 0
-0.44 -1 0
-0.36 -1 0
-0.28 -1 0
-0.2 -1 0
-0.12 -1 0
-0.04 -1 0
0.04 -1 0
0.12 -1 0
0.2 -1 0
0.28 -1 0
0.36 -1 0
0.44 -1 0
0.52 -1 0
0.6 -1 0
0.68 -1 0
0.76 -1 0
0.84 -1 0
0.92 -1 0
0.9996 -1 0
0.9996 -0.983919 0
0.9996 -0.967678 0
0.999601 -0.951278 0
0.999601 -0.934717 0
0.999602 -0.917996 0
0.999603 -0.901116 0
0.999604 -0.884075 0
0.999605 -0.866875 0
0.999606 -0.849514 0
0.999608 -0.831994 0
0.99961 -0.814313 0
0.999612 -0.796473 0
0.999614 -0.778472 0
0.999616 -0.760312 0
0.999618 -0.741992 0
0.99962 -0.723511 0
0.999623 -0.704871 0
0.999626 -0.686071 0
0.999629 -0.667111 0
0.999632 -0.64799 0
0.999635 -0.62871 0
0.999639 -0.60927 0
0.999642 -0.58967 0
0.999646 -0.56991 0
0.99965 -0.54999 0
0.999654 -0.52991 0
0.999658 -0.50967 0
0.999663 -0.48927 0
0.999667 -0.46871 0
0.999672 -0.44799 0
0.999677 -0.427111 0
0.999682 -0.406071 0
0.999687 -0.384871 0
0.999692 -0.363511 0
0.999698 -0.341992 0
0.999704 -0.320312 0
0.99971 -0.298472 0
0.999716 -0.276473 0
0.999722 -0.254313 0
0.999728 -0.231994 0
0.999734 -0.209514 0
0.999741 -0.186875 0
0.999748 -0.164075 0
0.999755 -0.141116 0
0.999762 -0.117996 0
0.999769 -0.0947171 0
0.999777 -0.0712777 0
0.999784 -0.0476785 0
0.999792 -0.0239192 0
0.959992 -0.000119198 0
0.919985 -0.000118398 0
0.879977 -0.000117598 0
0.839971 -0.000116798 0
0.799964 -0.000115998 0
0.759958 -0.000115198 0
0.719952 -0.000114399 0
0.679946 -0.000113599 0
0.639941 -0.000112799 0
0.599936 -0.000111999 0
0.559931 -0.000111199 0
0.519927 -0.000110399 0
0.479923 -0.000109599 0
0.439919 -0.000108799 0
0.399916 -0.000107999 0
0.359913 -0.000107199 0
0.31991 -0.000106399 0
0.279908 -0.000105599 0
0.239906 -0.0001048 0
0.199904 -0.000104 0
0.159903 -0.0001032 0
0.119901 -0.0001024 0
0.0799006 -0.0001016 0
0.0399002 -0.0001008 0
-0.0001 -0.0001 0
-0.0001008 0.0399002 0
-0.0001016 0.0799006 0
-0.0001024 0.119901 0
-0.0001032 0.159903 0
-0.000104 0.199904 0
-0.0001048 0.239906 0
-0.000105599 0.279908 0
-0.000106399 0.31991 0
-0.000107199 0.359913 0
-0.000107999 0.399916 0
-0.000108799 0.439919 0
-0.000109599 0.479923 0
-0.000110399 0.519927 0
-0.000111199 0.559931 0
-0.000111999 0.599936 0
-0.000112799 0.639941 0
-0.000113599 0.679946 0
-0.000114399 0.719952 0
-0.000115198 0.759958 0
-0.000115998 0.799964 0
-0.000116798 0.839971 0
-0.000117598 0.879977 0
-0.000118398 0.919985 0
-0.000119198 0.959992 0
-0.000119998 1 0
-0.02392 1 0
-0.04768 1 0
-0.07128 1 0
-0.09472 1 0
-0.118 1 0
-0.14112 1 0
-0.16408 1 0
-0.18688 1 0
-0.20952 1 0
-0.232 1 0
-0.25432 1 0
-0.27648 1 0
-0.29848 1 0
-0.32032 1 0
-0.342 1 0
-0.36352 1 0
-0.38488 1 0
-0.40608 1 0
-0.42712 1 0
-0.448 1 0
-0.46872 1 0
-0.48928 1 0
-0.50968 1 0
-0.52992 1 0
-0.55 1 0
-0.56992 1 0
-0.58968 1 0
-0.60928 1 0
-0.62872 1 0
-0.648 1 0
-0.66712 1 0
-0.68608 1 0
-0.70488 1 0
-0.72352 1 0
-0.742 1 0
-0.76032 1 0
-0.77848 1 0
-0.79648 1 0
-0.81432 1 0
-0.832 1 0
-0.84952 1 0
-0.86688 1 0
-0.88408 1 0
-0.90112 1 0
-0.918 1 0
-0.93472 1 0
-0.95128 1 0
-0.96768 1 0
-0.98392 1 0
-0.983763 0.920047 0.0402371
-0.967373 0.920125 0.0725999
-0.950829 0.920234 0.104233
-0.934131 0.920374 0.130666
-0.91728 0.920544 0.145903
-0.900275 0.920745 0.150626
-0.883117 0.920977 0.151011
-0.865805 0.921239 0.150761
-0.848339 0.921532 0.150468
-0.83072 0.921856 0.150144
-0.812947 0.922211 0.149789
-0.795021 0.922596 0.149405
-0.776941 0.923012 0.148988
-0.758707 0.923459 0.148542
-0.74032 0.923936 0.148065
-0.721779 0.924444 0.147556
-0.703085 0.924983 0.147018
-0.684237 0.925553 0.146448
-0.665235 0.926153 0.145847
-0.64608 0.926784 0.145217
-0.626771 0.927446 0.144554
-0.607309 0.928138 0.143862
-0.587693 0.928861 0.14314
-0.567923 0.929615 0.142386
-0.548 0.9304 0.1416
-0.527923 0.931215 0.140786
-0.507693 0.932061 0.139939
-0.487309 0.932938 0.139063
-0.466771 0.933846 0.138154
-0.44608 0.934784 0.137217
-0.425235 0.935753 0.136247
-0.404237 0.936753 0.119247
-0.383085 0.937783 0.118217
-0.361779 0.938844 0.117156
-0.34032 0.939936 0.116064
-0.318707 0.941059 0.114941
-0.296941 0.942212 0.113788
-0.275021 0.943396 0.112604
-0.252947 0.944611 0.111389
-0.23072 0.945856 0.110144
-0.208339 0.947132 0.108868
-0.185805 0.948439 0.107561
-0.163117 0.949777 0.106223
-0.140275 0.951145 0.104855
-0.11728 0.952544 0.0874564
-0.0941312 0.953974 0.086026
-0.0708288 0.955434 0.0834821
-0.0473728 0.956925 0.0746839
-0.0237632 0.958447 0.0385238
-0.983606 0.840157 0.040394
-0.967066 0.840374 0.0729338
-0.950378 0.840649 0.105622
-0.933542 0.840983 0.138457
-0.91656 0.841376 0.17144
-0.89943 0.841828 0.204566
-0.882154 0.842339 0.237647
-0.86473 0.842908 0.268823
-0.847158 0.843537 0.292532
-0.82944 0.844224 0.304144
-0.811574 0.84497 0.306687
-0.793562 0.845775 0.306219
-0.775402 0.846639 0.30536
-0.757094 0.847562 0.304438
-0.73864 0.848544 0.303456
-0.720038 0.849585 0.302415
-0.70129 0.850684 0.301315
-0.682394 0.851843 0.300157
-0.66335 0.85306 0.298939
-0.64416 0.854336 0.297664
-0.624822 0.855671 0.296328
-0.605338 0.857065 0.278935
-0.585706 0.858518 0.277483
-0.565926 0.860029 0.275972
-0.546 0.8616 0.2744
-0.525926 0.863229 0.272772
-0.505706 0.864918 0.271083
-0.485338 0.866665 0.269336
-0.464822 0.868471 0.267529
-0.44416 0.870336 0.265666
-0.42335 0.87226 0.247741
-0.402394 0.874243 0.245758
-0.38129 0.876284 0.243717
-0.360038 0.878385 0.241616
-0.33864 0.880544 0.239456
-0.317094 0.882762 0.237239
-0.295402 0.885039 0.234962
-0.273562 0.887375 0.232625
-0.251574 0.88977 0.21423
-0.22944 0.892224 0.211776
-0.207158 0.894737 0.209263
-0.18473 0.897308 0.206692
-0.162154 0.899939 0.204061
-0.13943 0.902628 0.201306
-0.11656 0.905376 0.181165
-0.0935424 0.908183 0.170237
-0.0703776 0.911049 0.132503
-0.0470656 0.913974 0.0947575
-0.0236064 0.916957 0.0393701
-0.98345 0.76033 0.0405499
-0.966758 0.760745 0.0732422
-0.949926 0.761244 0.106074
-0.932954 0.761828 0.139046
-0.91584 0.762496 0.17216
-0.898586 0.763249 0.205414
-0.88119 0.764086 0.23881
-0.863654 0.765007 0.272346
-0.845978 0.766013 0.306023
-0.82816 0.767104 0.33984
-0.810202 0.768279 0.373788
-0.792102 0.769539 0.407313
-0.773862 0.770883 0.445508
-0.755482 0.772311 0.456403
-0.73696 0.773824 0.457912
-0.718298 0.775421 0.456576
-0.699494 0.777103 0.438896
-0.68055 0.77887 0.43713
-0.661466 0.780721 0.435277
-0.64224 0.782656 0.433343
-0.622874 0.784676 0.431324
-0.603366 0.78678 0.429219
-0.583718 0.788969 0.427032
-0.56393 0.791242 0.424757
-0.544 0.7936 0.406401
-0.52393 0.796042 0.403958
-0.503718 0.798569 0.401431
-0.483366 0.80118 0.398821
-0.462874 0.803876 0.396124
-0.44224 0.806656 0.393345
-0.421466 0.809521 0.374479
-0.40055 0.81247 0.371531
-0.379494 0.815503 0.368497
-0.358298 0.818621 0.365379
-0.33696 0.821824 0.362177
-0.315482 0.825111 0.342889
-0.293862 0.828483 0.339518
-0.272102 0.831939 0.336062
-0.250202 0.835479 0.332522
-0.22816 0.839104 0.328895
-0.205978 0.842813 0.309186
-0.183654 0.846607 0.304536
-0.16119 0.850486 0.295106
-0.138586 0.854449 0.274598
-0.11584 0.858496 0.226454
-0.0929536 0.862628 0.188668
-0.0699264 0.866844 0.133692
-0.0467584 0.871145 0.0945241
-0.0234496 0.87553 0.0392148
-0.983293 0.680566 0.0407069
-0.966451 0.681239 0.0735488
-0.949475 0.68202 0.106524
-0.932365 0.682908 0.139635
-0.91512 0.683904 0.172879
-0.897741 0.685007 0.206258
-0.880227 0.686218 0.239772
-0.862579 0.687537 0.27342
-0.844797 0.688963 0.307202
-0.82688 0.690496 0.341119
-0.808829 0.692137 0.37517
-0.790643 0.693885 0.425357
-0.772323 0.695741 0.459675
-0.753869 0.697705 0.494129
-0.73528 0.699776 0.528425
-0.716557 0.701955 0.559782
-0.697699 0.704241 0.580912
-0.678707 0.706634 0.588903
-0.659581 0.709135 0.58686
-0.64032 0.711744 0.584258
-0.620925 0.71446 0.565541
-0.601395 0.717284 0.562716
-0.581731 0.720215 0.559788
-0.561933 0.723254 0.556746
-0.542 0.7264 0.553601
-0.521933 0.729654 0.534347
-0.501731 0.733015 0.530985
-0.481395 0.736484 0.527517
-0.460925 0.74006 0.523939
-0.44032 0.743744 0.520255
-0.419581 0.747535 0.500466
-0.398707 0.751434 0.496568
-0.377699 0.755441 0.492558
-0.356557 0.759555 0.488446
-0.33528 0.763776 0.468225
-0.313869 0.768105 0.463897
-0.292323 0.772541 0.459461
-0.270643 0.777085 0.438914
-0.248829 0.781737 0.434144
-0.22688 0.786496 0.423638
-0.204797 0.791363 0.403827
-0.182579 0.796337 0.356874
-0.160227 0.801418 0.319918
-0.137741 0.806607 0.281509
-0.11512 0.811904 0.226887
-0.0923648 0.817308 0.188133
-0.0694752 0.82282 0.133243
-0.0464512 0.828439 0.0942185
-0.0232928 0.834166 0.0390598
-0.983136 0.600864 0.0408639
-0.966144 0.601856 0.0738561
-0.949024 0.602976 0.106976
-0.931776 0.604224 0.140224
-0.9144 0.6056 0.1736
-0.896896 0.607104 0.207104
-0.879264 0.608736 0.240737
-0.861504 0.610496 0.274497
-0.843616 0.612384 0.308385
-0.8256 0.6144 0.3424
-0.807456 0.616544 0.392543
-0.789184 0.618816 0.426815
-0.770784 0.621216 0.461215
-0.752256 0.623744 0.495743
-0.7336 0.6264 0.530399
-0.714816 0.629184 0.565182
-0.695904 0.632096 0.616098
-0.676864 0.635136 0.650981
-0.657696 0.638304 0.683449
-0.6384 0.6416 0.705881
-0.618976 0.645024 0.713243
-0.599424 0.648576 0.695425
-0.579744 0.652256 0.691746
-0.559936 0.656064 0.687938
-0.54 0.66 0.684002
-0.519936 0.664064 0.663936
-0.499744 0.668256 0.659746
-0.479424 0.672576 0.655425
-0.458976 0.677024 0.650976
-0.4384 0.6816 0.630398
-0.417696 0.686304 0.625694
-0.396864 0.691136 0.620863
-0.375904 0.696096 0.599905
-0.354816 0.701184 0.594818
-0.3336 0.7064 0.589524
-0.312256 0.711744 0.58295
-0.290784 0.717216 0.555205
-0.269184 0.722816 0.533526
-0.247456 0.728544 0.485956
-0.2256 0.7344 0.449299
-0.203616 0.740384 0.411385
-0.181504 0.746496 0.357274
-0.159264 0.752736 0.319035
-0.136896 0.759104 0.280666
-0.1144 0.7656 0.226169
-0.091776 0.772224 0.187545
-0.069024 0.778976 0.132792
-0.046144 0.785856 0.0939127
-0.023136 0.792864 0.0389045
-0.982979 0.521225 0.0410208
-0.965837 0.522596 0.0741628
-0.948573 0.524113 0.107426
-0.931187 0.525775 0.140812
-0.91368 0.527584 0.17432
-0.896051 0.529539 0.207948
-0.878301 0.531639 0.241698
-0.860429 0.533885 0.27557
-0.842435 0.536278 0.309566
-0.82432 0.538816 0.34368
-0.806083 0.5415 0.393918
-0.787725 0.54433 0.428275
-0.769245 0.547306 0.462756
-0.750643 0.550428 0.497357
-0.73192 0.553696 0.53208
-0.713075 0.55711 0.566926
-0.694109 0.560669 0.617891
-0.675021 0.564375 0.652979
-0.655811 0.568227 0.688188
-0.63648 0.572224 0.723518
-0.617027 0.576367 0.758959
-0.597453 0.580657 0.807253
-0.577757 0.585092 0.818026
-0.557939 0.589673 0.81795
-0.538 0.5944 0.813595
-0.517939 0.599273 0.808727
-0.497757 0.604292 0.787708
-0.477453 0.609457 0.782545
-0.457027 0.614767 0.777236
-0.43648 0.620224 0.755773
-0.415811 0.625827 0.750105
-0.395021 0.631575 0.743304
-0.374109 0.637469 0.716097
-0.353075 0.64351 0.695976
-0.33192 0.649696 0.663529
-0.310643 0.656028 0.614318
-0.289245 0.662506 0.57702
-0.267725 0.66913 0.5395
-0.246083 0.6759 0.485856
-0.22432 0.682816 0.448091
-0.202435 0.689878 0.410207
-0.180429 0.697085 0.356202
-0.158301 0.704439 0.318073
-0.136051 0.711939 0.279823
-0.11368 0.719584 0.225451
-0.0911872 0.727375 0.186959
-0.0685728 0.735313 0.132343
-0.0458368 0.743396 0.0936075
-0.0229792 0.751625 0.0387495
-0.982822 0.441649 0.041178
-0.96553 0.443459 0.0744702
-0.948122 0.44543 0.107878
-0.930598 0.447562 0.141402
-0.91296 0.449856 0.17504
-0.895206 0.452311 0.208794
-0.877338 0.454927 0.242662
-0.859354 0.457705 0.276645
-0.841254 0.460644 0.310746
-0.82304 0.463744 0.360959
-0.80471 0.467005 0.395289
-0.786266 0.470428 0.429733
-0.767706 0.474012 0.464295
-0.74903 0.477757 0.49897
-0.73024 0.481664 0.53376
-0.711334 0.485732 0.584666
-0.692314 0.489961 0.619688
-0.673178 0.494351 0.654823
-0.653926 0.498903 0.690075
-0.63456 0.503616 0.725441
-0.615078 0.50849 0.776924
-0.595482 0.513526 0.812518
-0.57577 0.518723 0.848232
-0.555942 0.524081 0.883679
-0.536 0.5296 0.925078
-0.515942 0.535281 0.933851
-0.49577 0.541123 0.914779
-0.475482 0.547126 0.907468
-0.455078 0.55329 0.879251
-0.43456 0.559616 0.858223
-0.413926 0.566103 0.82815
-0.393178 0.572751 0.792396
-0.372314 0.579561 0.74009
-0.351334 0.586532 0.703112
-0.33024 0.593664 0.666016
-0.30903 0.600957 0.612805
-0.287706 0.608412 0.575483
-0.266266 0.616028 0.538041
-0.24471 0.623805 0.484485
-0.22304 0.631744 0.446814
-0.201254 0.639844 0.409029
-0.179354 0.648105 0.355129
-0.157338 0.656527 0.317112
-0.135206 0.665111 0.262981
-0.11296 0.673856 0.224734
-0.0905984 0.682762 0.186371
-0.0681216 0.69183 0.131894
-0.0455296 0.701059 0.093302
-0.0228224 0.710449 0.0385944
-0.982666 0.362135 0.0413339
-0.965222 0.364444 0.0747782
-0.94767 0.366927 0.10833
-0.93001 0.369585 0.14199
-0.91224 0.372416 0.17576
-0.894362 0.375421 0.209638
-0.876374 0.378601 0.243627
-0.858278 0.381955 0.277722
-0.840074 0.385482 0.311927
-0.82176 0.389184 0.36224
-0.803338 0.39306 0.396662
-0.784806 0.39711 0.431194
-0.766166 0.401334 0.465835
-0.747418 0.405732 0.500583
-0.72856 0.410304 0.53544
-0.709594 0.41505 0.586405
-0.690518 0.419971 0.621481
-0.671334 0.425065 0.656667
-0.652042 0.430333 0.691959
-0.63264 0.435776 0.727361
-0.61313 0.441393 0.778871
-0.59351 0.447183 0.814491
-0.573782 0.453148 0.85022
-0.553946 0.459287 0.88605
-0.534 0.4656 0.937999
-0.513946 0.472087 0.973903
-0.493782 0.478748 0.982402
-0.47351 0.485583 0.953227
-0.45313 0.492593 0.900914
-0.43264 0.499776 0.864422
-0.412042 0.507133 0.827821
-0.391334 0.514665 0.775114
-0.370518 0.522371 0.738298
-0.349594 0.53025 0.701372
-0.32856 0.538304 0.664339
-0.307418 0.546532 0.611196
-0.286166 0.554934 0.573945
-0.264806 0.56351 0.536583
-0.243338 0.57226 0.483114
-0.22176 0.581184 0.445535
-0.200074 0.590282 0.407851
-0.178278 0.599555 0.354056
-0.156374 0.609001 0.31615
-0.134362 0.618621 0.262137
-0.11224 0.628416 0.224015
-0.0900096 0.638385 0.185785
-0.0676704 0.648527 0.131445
-0.0452224 0.658844 0.0929966
-0.0226656 0.669335 0.038439
-0.982509 0.282684 0.041491
-0.964915 0.285553 0.0750851
-0.947219 0.288605 0.108781
-0.929421 0.291843 0.142579
-0.91152 0.295264 0.17648
-0.893517 0.29887 0.210482
-0.875411 0.30266 0.244588
-0.857203 0.306634 0.278796
-0.838893 0.310793 0.329106
-0.82048 0.315136 0.36352
-0.801965 0.319663 0.398036
-0.783347 0.324375 0.432654
-0.764627 0.329271 0.467373
-0.745805 0.334351 0.502197
-0.72688 0.339616 0.553121
-0.707853 0.345065 0.588146
-0.688723 0.350698 0.623276
-0.669491 0.356516 0.658507
-0.650157 0.362518 0.693845
-0.63072 0.368704 0.74528
-0.611181 0.375075 0.780819
-0.591539 0.381629 0.816462
-0.571795 0.388369 0.852206
-0.551949 0.395292 0.904052
-0.532 0.4024 0.940003
-0.511949 0.409692 0.976051
-0.491795 0.417169 0.981757
-0.471539 0.424829 0.935322
-0.451181 0.432675 0.898966
-0.43072 0.440704 0.862504
-0.410157 0.448918 0.82594
-0.389491 0.457316 0.773272
-0.368723 0.465898 0.736504
-0.347853 0.474665 0.699633
-0.32688 0.483616 0.646663
-0.305805 0.492751 0.609586
-0.284627 0.502071 0.572409
-0.263347 0.511575 0.519127
-0.241965 0.521263 0.481743
-0.22048 0.531136 0.444259
-0.198893 0.541193 0.390672
-0.177203 0.551434 0.352983
-0.155411 0.56186 0.31519
-0.133517 0.57247 0.261293
-0.11152 0.583264 0.223296
-0.0894208 0.594243 0.185198
-0.0672192 0.605405 0.130995
-0.0449152 0.616753 0.0926905
-0.0225088 0.628284 0.0382839
-0.982352 0.203296 0.0416479
-0.964608 0.206784 0.0753921
-0.946768 0.210464 0.109232
-0.928832 0.214336 0.143168
-0.9108 0.2184 0.1772
-0.892672 0.222656 0.211328
-0.874448 0.227104 0.245552
-0.856128 0.231744 0.279873
-0.837712 0.236576 0.330288
-0.8192 0.2416 0.3648
-0.800592 0.246816 0.399409
-0.781888 0.252224 0.43411
-0.763088 0.257824 0.46891
-0.744192 0.263616 0.503806
-0.7252 0.2696 0.5548
-0.706112 0.275776 0.589889
-0.686928 0.282144 0.625075
-0.667648 0.288704 0.660353
-0.648272 0.295456 0.695727
-0.6288 0.3024 0.747198
-0.609232 0.309536 0.782765
-0.589568 0.316864 0.818433
-0.569808 0.324384 0.854193
-0.549952 0.332096 0.906048
-0.53 0.34 0.942003
-0.509952 0.348096 0.978046
-0.489808 0.356384 0.980754
-0.469568 0.364864 0.933354
-0.449232 0.373536 0.89702
-0.4288 0.3824 0.860586
-0.408272 0.391456 0.824056
-0.387648 0.400704 0.771433
-0.366928 0.410144 0.734711
-0.346112 0.419776 0.697893
-0.3252 0.4296 0.644985
-0.304192 0.439616 0.607975
-0.283088 0.449824 0.570872
-0.261888 0.460224 0.517669
-0.240592 0.470816 0.480372
-0.2192 0.4816 0.442982
-0.197712 0.492576 0.389493
-0.176128 0.503744 0.351909
-0.154448 0.515104 0.314228
-0.132672 0.526656 0.26045
-0.1108 0.5384 0.222578
-0.088832 0.550336 0.184611
-0.066768 0.562464 0.130546
-0.044608 0.574784 0.0923853
-0.022352 0.587296 0.0381287
-0.982195 0.123971 0.041805
-0.964301 0.128138 0.0756993
-0.946317 0.132503 0.109683
-0.928243 0.137065 0.143756
-0.91008 0.141824 0.17792
-0.891827 0.14678 0.212172
-0.873485 0.151933 0.246514
-0.855053 0.157284 0.296948
-0.836531 0.162831 0.331469
-0.81792 0.168576 0.36608
-0.799219 0.174518 0.400781
-0.780429 0.180657 0.435572
-0.761549 0.186993 0.470449
-0.742579 0.193526 0.521421
-0.72352 0.200256 0.556479
-0.704371 0.207183 0.59163
-0.685133 0.214308 0.626869
-0.665805 0.221629 0.662197
-0.646387 0.229148 0.713615
-0.62688 0.236864 0.74912
-0.607283 0.244777 0.784717
-0.587597 0.252887 0.820401
-0.567821 0.261194 0.872177
-0.547955 0.269699 0.908045
-0.528 0.2784 0.944
-0.507955 0.287299 0.980047
-0.487821 0.296394 0.967609
-0.467597 0.305687 0.93138
-0.447283 0.315177 0.895071
-0.42688 0.324864 0.858669
-0.406387 0.334748 0.806177
-0.385805 0.344829 0.769588
-0.365133 0.355108 0.732919
-0.344371 0.365583 0.696156
-0.32352 0.376256 0.643306
-0.302579 0.387126 0.606364
-0.281549 0.398193 0.569335
-0.260429 0.409457 0.516211
-0.239219 0.420918 0.479001
-0.21792 0.432576 0.441702
-0.196531 0.444431 0.388314
-0.175053 0.456484 0.350834
-0.153485 0.468733 0.313266
-0.131827 0.48118 0.259608
-0.11008 0.493824 0.22186
-0.0882432 0.506665 0.184024
-0.0663168 0.519703 0.130096
-0.0443008 0.532938 0.0920797
-0.0221952 0.546371 0.0379737
-0.982038 0.0447078 0.041962
-0.963994 0.0496154 0.076006
-0.945866 0.0547226 0.110134
-0.927654 0.0600294 0.144346
-0.90936 0.065536 0.17864
-0.890982 0.0712422 0.213018
-0.872522 0.0771482 0.247478
-0.853978 0.0832538 0.298023
-0.83535 0.089559 0.332649
-0.81664 0.096064 0.367358
-0.797846 0.102769 0.402153
-0.77897 0.109673 0.437031
-0.76001 0.116777 0.471989
-0.740966 0.124081 0.523035
-0.72184 0.131584 0.55816
-0.70263 0.139287 0.593369
-0.683338 0.14719 0.628661
-0.663962 0.155292 0.680039
-0.644502 0.163594 0.715499
-0.62496 0.172096 0.751041
-0.605334 0.180797 0.786666
-0.585626 0.189699 0.822371
-0.565834 0.198799 0.874164
-0.545958 0.2081 0.910041
-0.526 0.2176 0.946002
-0.505958 0.2273 0.982045
-0.485834 0.237199 0.965626
-0.465626 0.247299 0.929416
-0.445334 0.257597 0.893123
-0.42496 0.268096 0.856748
-0.404502 0.278794 0.804294
-0.383962 0.289692 0.767751
-0.363338 0.30079 0.731126
-0.34263 0.312087 0.678419
-0.32184 0.323584 0.641628
-0.300966 0.335281 0.604753
-0.28001 0.347177 0.567797
-0.25897 0.359273 0.514754
-0.237846 0.371569 0.477632
-0.21664 0.384064 0.440425
-0.19535 0.396759 0.387135
-0.173978 0.409654 0.349762
-0.152522 0.422748 0.312304
-0.130982 0.436042 0.258766
-0.10936 0.449536 0.221142
-0.0876544 0.463229 0.167435
-0.0658656 0.477123 0.129647
-0.0439936 0.491215 0.0917744
-0.0220384 0.505508 0.0378183
-0.981882 -0.0344922 0.042118
-0.963686 -0.0287846 0.076314
-0.945414 -0.0228774 0.110586
-0.927066 -0.0167706 0.144934
-0.90864 -0.010464 0.17936
-0.890138 -0.00395776 0.213862
-0.871558 0.00274816 0.264442
-0.852902 0.00965376 0.299099
-0.83417 0.016759 0.333831
-0.81536 0.024064 0.368638
-0.796474 0.0315686 0.403526
-0.77751 0.039273 0.438489
-0.75847 0.047177 0.48953
-0.739354 0.0552806 0.524647
-0.72016 0.063584 0.559839
-0.70089 0.072087 0.595112
-0.681542 0.0807898 0.63046
-0.662118 0.0896922 0.68188
-0.642618 0.0987942 0.717381
-0.62304 0.108096 0.75296
-0.603386 0.117597 0.788614
-0.583654 0.127299 0.840347
-0.563846 0.137199 0.876153
-0.543962 0.1473 0.912035
-0.524 0.1576 0.948003
-0.503962 0.1681 0.987929
-0.483846 0.178799 0.963642
-0.463654 0.189699 0.927441
-0.443386 0.200797 0.89118
-0.42304 0.212096 0.838831
-0.402618 0.223594 0.80241
-0.382118 0.235292 0.765908
-0.361542 0.24719 0.729334
-0.34089 0.259287 0.676678
-0.32016 0.271584 0.639951
-0.299354 0.284081 0.603143
-0.27847 0.296777 0.550256
-0.25751 0.309673 0.513298
-0.236474 0.322769 0.47626
-0.21536 0.336064 0.423148
-0.19417 0.349559 0.385956
-0.172902 0.363254 0.348689
-0.151558 0.377148 0.295344
-0.130138 0.391242 0.257924
-0.10864 0.405536 0.220424
-0.0870656 0.420029 0.166849
-0.0654144 0.434723 0.129197
-0.0436864 0.449615 0.091469
-0.0218816 0.464708 0.0376632
-0.981725 -0.113629 0.042275
-0.963379 -0.107062 0.076621
-0.944963 -0.100297 0.111037
-0.926477 -0.093335 0.145523
-0.90792 -0.086176 0.18008
-0.889293 -0.0788198 0.214707
-0.870595 -0.0712666 0.265405
-0.851827 -0.0635162 0.300173
-0.832989 -0.0555686 0.335012
-0.81408 -0.047424 0.36992
-0.795101 -0.0390822 0.404899
-0.776051 -0.0305434 0.439949
-0.756931 -0.0218074 0.491069
-0.737741 -0.0128742 0.526258
-0.71848 -0.003744 0.56152
-0.699149 0.00558336 0.596853
-0.679747 0.0151078 0.648253
-0.660275 0.0248294 0.683722
-0.640733 0.0347482 0.719265
-0.62112 0.044864 0.754879
-0.601437 0.055177 0.790563
-0.581683 0.065687 0.842317
-0.561859 0.0763942 0.878142
-0.541965 0.0872986 0.914036
-0.522 0.0984 0.949999
-0.501965 0.109699 0.986919
-0.481859 0.121194 0.961658
-0.461683 0.132887 0.925478
-0.441437 0.144777 0.889232
-0.42112 0.156864 0.836915
-0.400733 0.169148 0.800527
-0.380275 0.181629 0.764067
-0.359747 0.194308 0.711538
-0.339149 0.207183 0.674941
-0.31848 0.220256 0.638272
-0.297741 0.233526 0.601532
-0.276931 0.246993 0.548723
-0.256051 0.260657 0.511841
-0.235101 0.274518 0.474891
-0.21408 0.288576 0.42187
-0.192989 0.302831 0.384775
-0.171827 0.317284 0.347615
-0.150595 0.331933 0.294382
-0.129293 0.34678 0.25708
-0.10792 0.361824 0.219706
-0.0864768 0.377065 0.166262
-0.0649632 0.392503 0.128748
-0.0433792 0.408138 0.091163
-0.0217248 0.423971 0.0375081
-0.981568 -0.192704 0.0424319
-0.963072 -0.185216 0.0769279
-0.944512 -0.177536 0.111488
-0.925888 -0.169664 0.146112
-0.9072 -0.1616 0.1808
-0.888448 -0.153344 0.215551
-0.869632 -0.144896 0.266367
-0.850752 -0.136256 0.301248
-0.831808 -0.127424 0.336192
-0.8128 -0.1184 0.3712
-0.793728 -0.109184 0.406272
-0.774592 -0.099776 0.457408
-0.755392 -0.090176 0.492609
-0.736128 -0.080384 0.527872
-0.7168 -0.0704 0.563199
-0.697408 -0.060224 0.598592
-0.677952 -0.049856 0.650049
-0.658432 -0.039296 0.685566
-0.638848 -0.028544 0.721151
-0.6192 -0.0176 0.756799
-0.599488 -0.006464 0.808513
-0.579712 0.004864 0.844289
-0.559872 0.016384 0.880129
-0.539968 0.028096 0.916028
-0.52 0.04 0.968
-0.499968 0.052096 0.985909
-0.479872 0.064384 0.959671
-0.459712 0.076864 0.923509
-0.439488 0.089536 0.87128
-0.4192 0.1024 0.834992
-0.398848 0.115456 0.798645
-0.378432 0.128704 0.762226
-0.357952 0.142144 0.709744
-0.337408 0.155776 0.673203
-0.3168 0.1696 0.636595
-0.296128 0.183616 0.599922
-0.275392 0.197824 0.547183
-0.254592 0.212224 0.510385
-0.233728 0.226816 0.473519
-0.2128 0.2416 0.420592
-0.191808 0.256576 0.383598
-0.170752 0.271744 0.346542
-0.149632 0.287104 0.293421
-0.128448 0.302656 0.256235
-0.1072 0.3184 0.218988
-0.085888 0.334336 0.165675
-0.064512 0.350464 0.128298
-0.043072 0.366784 0.0908577
-0.021568 0.383296 0.0373529
-0.981411 -0.271716 0.042589
-0.962765 -0.263247 0.0772351
-0.944061 -0.254595 0.111939
-0.925299 -0.245757 0.146701
-0.90648 -0.236736 0.18152
-0.887603 -0.22753 0.232397
-0.868669 -0.21814 0.267331
-0.849677 -0.208566 0.302323
-0.830627 -0.198807 0.337373
-0.81152 -0.188864 0.372479
-0.792355 -0.178737 0.407646
-0.773133 -0.168425 0.458868
-0.753853 -0.157929 0.494147
-0.734515 -0.147249 0.529485
-0.71512 -0.136384 0.564878
-0.695667 -0.125335 0.616335
-0.676157 -0.114102 0.651842
-0.656589 -0.102684 0.687411
-0.636963 -0.0910822 0.723038
-0.61728 -0.079296 0.758719
-0.597539 -0.0673254 0.81046
-0.577741 -0.0551706 0.846261
-0.557885 -0.0428314 0.882116
-0.537971 -0.0303078 0.918029
-0.518 -0.0176 0.97
-0.497971 -0.00470784 0.985385
-0.477885 0.00836864 0.957686
-0.457741 0.0216294 0.921542
-0.437539 0.0350746 0.869336
-0.41728 0.048704 0.83308
-0.396963 0.0625178 0.796762
-0.376589 0.0765158 0.760386
-0.356157 0.0906982 0.707952
-0.335667 0.105065 0.671463
-0.31512 0.119616 0.634918
-0.294515 0.134351 0.582312
-0.273853 0.149271 0.545646
-0.253133 0.164375 0.508929
-0.232355 0.179663 0.472147
-0.21152 0.195136 0.419311
-0.190627 0.210793 0.382419
-0.169677 0.226634 0.345469
-0.148669 0.24266 0.29246
-0.127603 0.25887 0.255393
-0.10648 0.275264 0.21827
-0.0852992 0.291843 0.165088
-0.0640608 0.308605 0.127848
-0.0427648 0.325553 0.0905522
-0.0214112 0.342684 0.0371979
-0.981254 -0.350665 0.042746
-0.962458 -0.341156 0.0775419
-0.94361 -0.331473 0.11239
-0.92471 -0.321615 0.14729
-0.90576 -0.311584 0.18224
-0.886758 -0.301379 0.233242
-0.867706 -0.290999 0.268294
-0.848602 -0.280445 0.303399
-0.829446 -0.269718 0.338554
-0.81024 -0.258816 0.37376
-0.790982 -0.24774 0.425017
-0.771674 -0.23649 0.460325
-0.752314 -0.225066 0.495686
-0.732902 -0.213468 0.531099
-0.71344 -0.201696 0.56656
-0.693926 -0.18975 0.618074
-0.674362 -0.177629 0.653639
-0.654746 -0.165335 0.689253
-0.635078 -0.152867 0.724921
-0.61536 -0.140224 0.776639
-0.59559 -0.127407 0.812411
-0.57577 -0.114417 0.84823
-0.555898 -0.101252 0.884103
-0.535974 -0.087913 0.936027
-0.516 -0.0744 0.971999
-0.495974 -0.060713 0.991802
-0.475898 -0.0468518 0.966622
-0.45577 -0.0328166 0.910551
-0.43559 -0.0186074 0.871018
-0.41536 -0.004224 0.832348
-0.395078 0.0103334 0.79488
-0.374746 0.025065 0.742544
-0.354362 0.0399706 0.706159
-0.333926 0.0550502 0.669726
-0.31344 0.070304 0.63324
-0.292902 0.0857318 0.580699
-0.272314 0.101334 0.544108
-0.251674 0.11711 0.507471
-0.230982 0.13306 0.454777
-0.21024 0.149184 0.418034
-0.189446 0.165482 0.381241
-0.168602 0.181955 0.344396
-0.147706 0.198601 0.291497
-0.126758 0.215421 0.25455
-0.10576 0.232416 0.217551
-0.0847104 0.249585 0.1645
-0.0636096 0.266927 0.127399
-0.0424576 0.284444 0.0902466
-0.0212544 0.302135 0.0370424
-0.981098 -0.429551 0.0429019
-0.96215 -0.418941 0.0778499
-0.943158 -0.40817 0.112842
-0.924122 -0.397238 0.147878
-0.90504 -0.386144 0.18296
-0.885914 -0.374889 0.234086
-0.866742 -0.363473 0.269258
-0.847526 -0.351895 0.304474
-0.828266 -0.340156 0.339734
-0.80896 -0.328256 0.375039
-0.78961 -0.316195 0.42639
-0.770214 -0.303972 0.461785
-0.750774 -0.291588 0.497227
-0.73129 -0.279043 0.532711
-0.71176 -0.266336 0.58424
-0.692186 -0.253468 0.619815
-0.672566 -0.240439 0.655434
-0.652902 -0.227249 0.691096
-0.633194 -0.213897 0.726807
-0.61344 -0.200384 0.77856
-0.593642 -0.18671 0.814358
-0.573798 -0.172874 0.850205
-0.55391 -0.158877 0.886089
-0.533978 -0.144719 0.938022
-0.514 -0.1304 0.974001
-0.493978 -0.115919 1.00539
-0.47391 -0.101277 0.986194
-0.453798 -0.0864742 0.92776
-0.433642 -0.0715098 0.885255
-0.41344 -0.056384 0.846498
-0.393194 -0.041097 0.804729
-0.372902 -0.0256486 0.747801
-0.352566 -0.010039 0.707644
-0.332186 0.00573184 0.668692
-0.31176 0.021664 0.61556
-0.29129 0.0377574 0.579088
-0.270774 0.0540122 0.542572
-0.250214 0.0704282 0.506014
-0.22961 0.0870054 0.453407
-0.20896 0.103744 0.416756
-0.188266 0.120644 0.380061
-0.167526 0.137705 0.327319
-0.146742 0.154927 0.290536
-0.125914 0.172311 0.253708
-0.10504 0.189856 0.216832
-0.0841216 0.207562 0.163914
-0.0631584 0.22543 0.12695
-0.0421504 0.243459 0.0899412
-0.0210976 0.261649 0.0368874
-0.980941 -0.508375 0.043059
-0.961843 -0.496604 0.078157
-0.942707 -0.484687 0.113293
-0.923533 -0.472625 0.148467
-0.90432 -0.460416 0.18368
-0.885069 -0.448061 0.234931
-0.865779 -0.435561 0.270221
-0.846451 -0.422915 0.305549
-0.827085 -0.410122 0.340914
-0.80768 -0.397184 0.392321
-0.788237 -0.3841 0.427763
-0.768755 -0.37087 0.463245
-0.749235 -0.357494 0.498765
-0.729677 -0.343972 0.534324
-0.71008 -0.330304 0.585919
-0.690445 -0.31649 0.621556
-0.670771 -0.302531 0.657229
-0.651059 -0.288425 0.692942
-0.631309 -0.274173 0.744689
-0.61152 -0.259776 0.78048
-0.591693 -0.245233 0.816307
-0.571827 -0.230543 0.852173
-0.551923 -0.215708 0.904077
-0.531981 -0.200727 0.940022
-0.512 -0.1856 0.976
-0.491981 -0.170327 1.01202
-0.471923 -0.154908 1.00629
-0.451827 -0.139343 0.960963
-0.431693 -0.123633 0.915838
-0.41152 -0.107776 0.870976
-0.391309 -0.0917734 0.811055
-0.371059 -0.075625 0.766847
-0.350771 -0.0593306 0.723177
-0.330445 -0.0428902 0.680195
-0.31008 -0.026304 0.622242
-0.289677 -0.00957184 0.581204
-0.269235 0.00730624 0.541723
-0.248755 0.0243302 0.504555
-0.228237 0.0415002 0.452035
-0.20768 0.058816 0.415478
-0.187085 0.0762778 0.378883
-0.166451 0.0938854 0.326247
-0.145779 0.111639 0.289575
-0.125069 0.129539 0.252865
-0.10432 0.147584 0.216113
-0.0835328 0.165775 0.163327
-0.0627072 0.184113 0.1265
-0.0418432 0.202596 0.0896354
-0.0209408 0.221225 0.0367322
-0.980784 -0.587136 0.043216
-0.961536 -0.574144 0.0784641
-0.942256 -0.561024 0.113744
-0.922944 -0.547776 0.149056
-0.9036 -0.5344 0.2004
-0.884224 -0.520896 0.235776
-0.864816 -0.507264 0.271184
-0.845376 -0.493504 0.306624
-0.825904 -0.479616 0.342096
-0.8064 -0.4656 0.3936
-0.786864 -0.451456 0.429136
-0.767296 -0.437184 0.464704
-0.747696 -0.422784 0.500304
-0.728064 -0.408256 0.535936
-0.7084 -0.3936 0.587601
-0.688704 -0.378816 0.623296
-0.668976 -0.363904 0.659025
-0.649216 -0.348864 0.694784
-0.629424 -0.333696 0.746575
-0.6096 -0.3184 0.7824
-0.589744 -0.302976 0.818256
-0.569856 -0.287424 0.854147
-0.549936 -0.271744 0.906063
-0.529984 -0.255936 0.942017
-0.51 -0.24 0.977999
-0.489984 -0.223936 1.01401
-0.469936 -0.207744 1.04355
-0.449856 -0.191424 0.998963
-0.429744 -0.174976 0.952065
-0.4096 -0.1584 0.905279
-0.389424 -0.141696 0.843838
-0.369216 -0.124864 0.797309
-0.348976 -0.107904 0.751036
-0.328704 -0.090816 0.705115
-0.3084 -0.0736 0.644284
-0.288064 -0.056256 0.599248
-0.267696 -0.038784 0.551302
-0.247296 -0.021184 0.493125
-0.226864 -0.003456 0.452387
-0.2064 0.0144 0.4142
-0.185904 0.032384 0.377702
-0.165376 0.050496 0.325174
-0.144816 0.068736 0.288613
-0.124224 0.087104 0.252021
-0.1036 0.1056 0.199396
-0.082944 0.124224 0.162739
-0.062256 0.142976 0.12605
-0.041536 0.161856 0.0893299
-0.020784 0.180864 0.0365771
-0.980627 -0.665834 0.043373
-0.961229 -0.651561 0.0787709
-0.941805 -0.63718 0.114195
-0.922355 -0.622692 0.149645
-0.90288 -0.608096 0.20112
-0.883379 -0.593393 0.236621
-0.863853 -0.578582 0.272147
-0.844301 -0.563663 0.307699
-0.824723 -0.548637 0.343277
-0.80512 -0.533504 0.394881
-0.785491 -0.518263 0.430509
-0.765837 -0.502915 0.466162
-0.746157 -0.487459 0.501844
-0.726451 -0.471895 0.553548
-0.70672 -0.456224 0.58928
-0.686963 -0.440445 0.625038
-0.667181 -0.424559 0.660819
-0.647373 -0.408566 0.712627
-0.627539 -0.392465 0.748461
-0.60768 -0.376256 0.784319
-0.587795 -0.35994 0.820205
-0.567885 -0.343516 0.872115
-0.547949 -0.326985 0.908051
-0.527987 -0.310346 0.944013
-0.508 -0.2936 0.980002
-0.487987 -0.276746 1.03201
-0.467949 -0.259785 1.06357
-0.447885 -0.242716 1.04441
-0.427795 -0.22554 0.996131
-0.40768 -0.208256 0.933826
-0.387539 -0.190865 0.885526
-0.367373 -0.173366 0.837295
-0.347181 -0.155759 0.789153
-0.326963 -0.138045 0.726637
-0.30672 -0.120224 0.678667
-0.286451 -0.102295 0.624455
-0.266157 -0.0842586 0.57747
-0.245837 -0.0661146 0.515826
-0.225491 -0.047863 0.469923
-0.20512 -0.029504 0.425078
-0.184723 -0.0110374 0.3818
-0.164301 0.00753664 0.324995
-0.143853 0.0262182 0.287651
-0.123379 0.0450074 0.251178
-0.10288 0.063904 0.198678
-0.0823552 0.0829082 0.162152
-0.0618048 0.10202 0.125601
-0.0412288 0.121239 0.0890242
-0.0206272 0.140566 0.0364216
-0.98047 -0.74447 0.04353
-0.960922 -0.728855 0.0790781
-0.941354 -0.713156 0.114646
-0.921766 -0.697372 0.150234
-0.90216 -0.681504 0.20184
-0.882534 -0.665551 0.237466
-0.86289 -0.649514 0.27311
-0.843226 -0.633393 0.308774
-0.823542 -0.617187 0.360457
-0.80384 -0.600896 0.39616
-0.784118 -0.584521 0.431882
-0.764378 -0.568061 0.467622
-0.744618 -0.551517 0.503382
-0.724838 -0.534889 0.555162
-0.70504 -0.518176 0.59096
-0.685222 -0.501379 0.626778
-0.665386 -0.484497 0.662615
-0.64553 -0.46753 0.71447
-0.625654 -0.450479 0.750346
-0.60576 -0.433344 0.786239
-0.585846 -0.416124 0.822154
-0.565914 -0.39882 0.874086
-0.545962 -0.381431 0.910038
-0.52599 -0.363958 0.946012
-0.506 -0.3464 0.981999
-0.48599 -0.328758 1.03401
-0.465962 -0.311031 1.07004
-0.445914 -0.29322 1.08578
-0.425846 -0.275324 1.04676
-0.40576 -0.257344 0.984026
-0.385654 -0.239279 0.934573
-0.36553 -0.22113 0.885114
-0.345386 -0.202897 0.835652
-0.325222 -0.184579 0.772474
-0.30504 -0.166176 0.714564
-0.284838 -0.147689 0.665293
-0.264618 -0.129117 0.616138
-0.244378 -0.110461 0.552834
-0.224118 -0.091721 0.503899
-0.20384 -0.072896 0.455295
-0.183542 -0.0539866 0.386045
-0.163226 -0.0349926 0.339269
-0.14289 -0.0159142 0.294089
-0.122534 0.00324864 0.251873
-0.10216 0.022496 0.19796
-0.0817664 0.0418278 0.161565
-0.0613536 0.0612442 0.125152
-0.0409216 0.080745 0.0887189
-0.0204704 0.10033 0.0362666
-0.980314 -0.823043 0.0436859
-0.960614 -0.806026 0.079386
-0.940902 -0.788951 0.115098
-0.921178 -0.771817 0.150822
-0.90144 -0.754624 0.20256
-0.88169 -0.737372 0.23831
-0.861926 -0.720061 0.274073
-0.84215 -0.702692 0.30985
-0.822362 -0.685263 0.361638
-0.80256 -0.667776 0.39744
-0.782746 -0.65023 0.433254
-0.762918 -0.632625 0.469082
-0.743078 -0.614961 0.520922
-0.723226 -0.597238 0.556773
-0.70336 -0.579456 0.592641
-0.683482 -0.561615 0.628519
-0.66359 -0.543716 0.680409
-0.643686 -0.525757 0.716315
-0.62377 -0.50774 0.75223
-0.60384 -0.489664 0.78816
-0.583898 -0.471529 0.840102
-0.563942 -0.453335 0.876059
-0.543974 -0.435082 0.912026
-0.523994 -0.416771 0.948006
-0.504 -0.3984 1
-0.483994 -0.379971 1.03601
-0.463974 -0.361482 1.07203
-0.443942 -0.342935 1.10778
-0.423898 -0.324329 1.09018
-0.40384 -0.305664 1.03993
-0.38377 -0.28694 0.989636
-0.363686 -0.268157 0.9393
-0.34359 -0.249316 0.876056
-0.323482 -0.230415 0.815853
-0.30336 -0.211456 0.765421
-0.283226 -0.192438 0.714969
-0.263078 -0.173361 0.651281
-0.242918 -0.154225 0.600691
-0.222746 -0.13503 0.541051
-0.20256 -0.115776 0.490721
-0.182362 -0.0964634 0.426606
-0.16215 -0.0770918 0.376321
-0.141926 -0.0576614 0.326304
-0.12169 -0.0381722 0.270081
-0.10144 -0.018624 0.207354
-0.0811776 0.00098304 0.163125
-0.0609024 0.020649 0.124702
-0.0406144 0.0403738 0.0884131
-0.0203136 0.0601574 0.0361114
-0.980157 -0.901553 0.0438429
-0.960307 -0.883075 0.0796931
-0.940451 -0.864566 0.115549
-0.920589 -0.846026 0.151411
-0.90072 -0.827456 0.20328
-0.880845 -0.808855 0.239155
-0.860963 -0.790223 0.275037
-0.841075 -0.771561 0.310925
-0.821181 -0.752868 0.362819
-0.80128 -0.734144 0.398721
-0.781373 -0.715389 0.434626
-0.761459 -0.696604 0.470541
-0.741539 -0.677788 0.522462
-0.721613 -0.658941 0.558386
-0.70168 -0.640064 0.59432
-0.681741 -0.621156 0.630259
-0.661795 -0.602217 0.682202
-0.641843 -0.583247 0.718158
-0.621885 -0.564247 0.754115
-0.60192 -0.545216 0.790079
-0.581949 -0.526154 0.842049
-0.561971 -0.507062 0.878025
-0.541987 -0.487939 0.914013
-0.521997 -0.468785 0.950003
-0.502 -0.4496 1.002
-0.481997 -0.430385 1.038
-0.461987 -0.411139 1.074
-0.441971 -0.391862 1.11003
-0.421949 -0.372554 1.14492
-0.40192 -0.353216 1.10049
-0.381885 -0.333847 1.04957
-0.361843 -0.314447 0.998621
-0.341795 -0.295017 0.924801
-0.321741 -0.275556 0.873752
-0.30168 -0.256064 0.822654
-0.281613 -0.236541 0.771509
-0.261539 -0.216988 0.707999
-0.241459 -0.197404 0.646187
-0.221373 -0.177789 0.594877
-0.20128 -0.158144 0.543508
-0.181181 -0.138468 0.479405
-0.161075 -0.118761 0.417646
-0.140963 -0.0990234 0.366093
-0.120845 -0.079255 0.314499
-0.10072 -0.059456 0.249302
-0.0805888 -0.0396262 0.188485
-0.0604512 -0.0197658 0.137687
-0.0403072 0.00012544 0.0907855
-0.0201568 0.0200474 0.0359564
-0.98 -0.98 0.0348284
-0.96 -0.96 0.066496
-0.94 -0.94 0.102001
-0.92 -0.92 0.153895
-0.9 -0.9 0.189883
-0.88 -0.88 0.225881
-0.86 -0.86 0.26188
-0.84 -0.84 0.31388
-0.82 -0.82 0.349879
-0.8 -0.8 0.38588
-0.78 -0.78 0.421879
-0.76 -0.76 0.47388
-0.74 -0.74 0.509881
-0.72 -0.72 0.545878
-0.7 -0.7 0.58188
-0.68 -0.68 0.63388
-0.66 -0.66 0.669878
-0.64 -0.64 0.70588
-0.62 -0.62 0.741878
-0.6 -0.6 0.79388
-0.58 -0.58 0.829881
-0.56 -0.56 0.86588
-0.54 -0.54 0.901878
-0.52 -0.52 0.95388
-0.5 -0.5 0.989878
-0.48 -0.48 1.02588
-0.46 -0.46 1.06188
-0.44 -0.44 1.11388
-0.42 -0.42 1.14988
-0.4 -0.4 1.16124
-0.38 -0.38 1.11345
-0.36 -0.36 1.03921
-0.34 -0.34 0.987787
-0.32 -0.32 0.936342
-0.3 -0.3 0.884861
-0.28 -0.28 0.810454
-0.26 -0.26 0.758893
-0.24 -0.24 0.707285
-0.22 -0.22 0.655633
-0.2 -0.2 0.580933
-0.18 -0.18 0.529128
-0.16 -0.16 0.477237
-0.14 -0.14 0.425245
-0.12 -0.12 0.349933
-0.1 -0.1 0.297561
-0.08 -0.08 0.244935
-0.06 -0.06 0.191941
-0.04 -0.04 0.114356
-0.02 -0.02 0.0583367
-0.901553 -0.980157 0.0438429
-0.883075 -0.960307 0.0796931
-0.864566 -0.940451 0.115549
-0.846026 -0.920589 0.151411
-0.827456 -0.90072 0.20328
-0.808855 -0.880845 0.239155
-0.790223 -0.860963 0.275037
-0.771561 -0.841075 0.310925
-0.752868 -0.821181 0.362819
-0.734144 -0.80128 0.398721
-0.715389 -0.781373 0.434626
-0.696604 -0.761459 0.470541
-0.677788 -0.741539 0.522462
-0.658941 -0.721613 0.558386
-0.640064 -0.70168 0.59432
-0.621156 -0.681741 0.630259
-0.602217 -0.661795 0.682202
-0.583247 -0.641843 0.718158
-0.564247 -0.621885 0.754114
-0.545216 -0.60192 0.790079
-0.526154 -0.581949 0.842049
-0.507062 -0.561971 0.878025
-0.487939 -0.541987 0.914013
-0.468785 -0.521997 0.950003
-0.4496 -0.502 1.002
-0.430385 -0.481997 1.038
-0.411139 -0.461987 1.074
-0.391862 -0.441971 1.11003
-0.372554 -0.421949 1.14492
-0.353216 -0.40192 1.10049
-0.333847 -0.381885 1.04957
-0.314447 -0.361843 0.998621
-0.295017 -0.341795 0.924801
-0.275556 -0.321741 0.873752
-0.256064 -0.30168 0.822654
-0.236541 -0.281613 0.771509
-0.216988 -0.261539 0.707999
-0.197404 -0.241459 0.646187
-0.177789 -0.221373 0.594877
-0.158144 -0.20128 0.543508
-0.138468 -0.181181 0.479405
-0.118761 -0.161075 0.417646
-0.0990234 -0.140963 0.366093
-0.079255 -0.120845 0.314499
-0.059456 -0.10072 0.249302
-0.0396262 -0.0805888 0.188485
-0.0197658 -0.0604512 0.137687
0.00012544 -0.0403072 0.0907855
0.0200474 -0.0201568 0.0359564
-0.823043 -0.980314 0.0436859
-0.806026 -0.960614 0.079386
-0.788951 -0.940902 0.115098
-0.771817 -0.921178 0.150822
-0.754624 -0.90144 0.20256
-0.737372 -0.88169 0.23831
-0.720061 -0.861926 0.274073
-0.702692 -0.84215 0.30985
-0.685263 -0.822362 0.361638
-0.667776 -0.80256 0.39744
-0.65023 -0.782746 0.433254
-0.632625 -0.762918 0.469082
-0.614961 -0.743078 0.520922
-0.597238 -0.723226 0.556773
-0.579456 -0.70336 0.592641
-0.561615 -0.683482 0.628519
-0.543716 -0.66359 0.680409
-0.525757 -0.643686 0.716315
-0.50774 -0.62377 0.752229
-0.489664 -0.60384 0.788159
-0.471529 -0.583898 0.840102
-0.453335 -0.563942 0.876059
-0.435082 -0.543974 0.912025
-0.416771 -0.523994 0.948006
-0.3984 -0.504 1
-0.379971 -0.483994 1.03601
-0.361482 -0.463974 1.07202
-0.342935 -0.443942 1.10778
-0.324329 -0.423898 1.09018
-0.305664 -0.40384 1.03993
-0.28694 -0.38377 0.989636
-0.268157 -0.363686 0.9393
-0.249316 -0.34359 0.876056
-0.230415 -0.323482 0.815853
-0.211456 -0.30336 0.765421
-0.192438 -0.283226 0.714969
-0.173361 -0.263078 0.651281
-0.154225 -0.242918 0.600691
-0.13503 -0.222746 0.541051
-0.115776 -0.20256 0.490721
-0.0964634 -0.182362 0.426606
-0.0770918 -0.16215 0.376321
-0.0576614 -0.141926 0.326304
-0.0381722 -0.12169 0.270081
-0.018624 -0.10144 0.207354
0.00098304 -0.0811776 0.163125
0.020649 -0.0609024 0.124702
0.0403738 -0.0406144 0.0884131
0.0601574 -0.0203136 0.0361114
-0.74447 -0.98047 0.04353
-0.728855 -0.960922 0.0790781
-0.713156 -0.941354 0.114646
-0.697372 -0.921766 0.150234
-0.681504 -0.90216 0.20184
-0.665551 -0.882534 0.237466
-0.649514 -0.86289 0.27311
-0.633393 -0.843226 0.308774
-0.617187 -0.823542 0.360457
-0.600896 -0.80384 0.39616
-0.584521 -0.784118 0.431882
-0.568061 -0.764378 0.467622
-0.551517 -0.744618 0.503382
-0.534889 -0.724838 0.555162
-0.518176 -0.70504 0.59096
-0.501379 -0.685222 0.626778
-0.484497 -0.665386 0.662615
-0.46753 -0.64553 0.714469
-0.450479 -0.625654 0.750345
-0.433344 -0.60576 0.786239
-0.416124 -0.585846 0.822153
-0.39882 -0.565914 0.874086
-0.381431 -0.545962 0.910037
-0.363958 -0.52599 0.946012
-0.3464 -0.506 0.981998
-0.328758 -0.48599 1.03401
-0.311031 -0.465962 1.07004
-0.29322 -0.445914 1.08578
-0.275324 -0.425846 1.04676
-0.257344 -0.40576 0.984026
-0.239279 -0.385654 0.934573
-0.22113 -0.36553 0.885114
-0.202897 -0.345386 0.835652
-0.184579 -0.325222 0.772474
-0.166176 -0.30504 0.714564
-0.147689 -0.284838 0.665293
-0.129117 -0.264618 0.616138
-0.110461 -0.244378 0.552834
-0.091721 -0.224118 0.503899
-0.072896 -0.20384 0.455295
-0.0539866 -0.183542 0.386045
-0.0349926 -0.163226 0.339269
-0.0159142 -0.14289 0.294089
0.00324864 -0.122534 0.251873
0.022496 -0.10216 0.19796
0.0418278 -0.0817664 0.161565
0.0612442 -0.0613536 0.125152
0.080745 -0.0409216 0.0887189
0.10033 -0.0204704 0.0362666
-0.665834 -0.980627 0.043373
-0.651561 -0.961229 0.0787709
-0.63718 -0.941805 0.114195
-0.622692 -0.922355 0.149645
-0.608096 -0.90288 0.20112
-0.593393 -0.883379 0.236621
-0.578582 -0.863853 0.272147
-0.563663 -0.844301 0.307699
-0.548637 -0.824723 0.343277
-0.533504 -0.80512 0.394881
-0.518263 -0.785491 0.430509
-0.502915 -0.765837 0.466162
-0.487459 -0.746157 0.501844
-0.471895 -0.726451 0.553548
-0.456224 -0.70672 0.58928
-0.440445 -0.686963 0.625038
-0.424559 -0.667181 0.660819
-0.408566 -0.647373 0.712626
-0.392465 -0.627539 0.748461
-0.376256 -0.60768 0.784319
-0.35994 -0.587795 0.820204
-0.343516 -0.567885 0.872114
-0.326985 -0.547949 0.908051
-0.310346 -0.527987 0.944013
-0.2936 -0.508 0.980002
-0.276746 -0.487987 1.03201
-0.259785 -0.467949 1.06357
-0.242716 -0.447885 1.04441
-0.22554 -0.427795 0.996131
-0.208256 -0.40768 0.933826
-0.190865 -0.387539 0.885526
-0.173366 -0.367373 0.837295
-0.155759 -0.347181 0.789153
-0.138045 -0.326963 0.726637
-0.120224 -0.30672 0.678667
-0.102295 -0.286451 0.624455
-0.0842586 -0.266157 0.57747
-0.0661146 -0.245837 0.515826
-0.047863 -0.225491 0.469923
-0.029504 -0.20512 0.425078
-0.0110374 -0.184723 0.3818
0.00753664 -0.164301 0.324995
0.0262182 -0.143853 0.287651
0.0450074 -0.123379 0.251178
0.063904 -0.10288 0.198678
0.0829082 -0.0823552 0.162152
0.10202 -0.0618048 0.125601
0.121239 -0.0412288 0.0890242
0.140566 -0.0206272 0.0364216
-0.587136 -0.980784 0.043216
-0.574144 -0.961536 0.0784641
-0.561024 -0.942256 0.113744
-0.547776 -0.922944 0.149056
-0.5344 -0.9036 0.2004
-0.520896 -0.884224 0.235776
-0.507264 -0.864816 0.271184
-0.493504 -0.845376 0.306624
-0.479616 -0.825904 0.342096
-0.4656 -0.8064 0.3936
-0.451456 -0.786864 0.429136
-0.437184 -0.767296 0.464704
-0.422784 -0.747696 0.500304
-0.408256 -0.728064 0.535936
-0.3936 -0.7084 0.587601
-0.378816 -0.688704 0.623296
-0.363904 -0.668976 0.659025
-0.348864 -0.649216 0.694783
-0.333696 -0.629424 0.746575
-0.3184 -0.6096 0.782399
-0.302976 -0.589744 0.818255
-0.287424 -0.569856 0.854146
-0.271744 -0.549936 0.906062
-0.255936 -0.529984 0.942017
-0.24 -0.51 0.977999
-0.223936 -0.489984 1.01401
-0.207744 -0.469936 1.04355
-0.191424 -0.449856 0.998963
-0.174976 -0.429744 0.952065
-0.1584 -0.4096 0.905279
-0.141696 -0.389424 0.843838
-0.124864 -0.369216 0.797309
-0.107904 -0.348976 0.751036
-0.090816 -0.328704 0.705115
-0.0736 -0.3084 0.644284
-0.056256 -0.288064 0.599248
-0.038784 -0.267696 0.551302
-0.021184 -0.247296 0.493125
-0.003456 -0.226864 0.452387
0.0144 -0.2064 0.4142
0.032384 -0.185904 0.377702
0.050496 -0.165376 0.325174
0.068736 -0.144816 0.288613
0.087104 -0.124224 0.252021
0.1056 -0.1036 0.199396
0.124224 -0.082944 0.162739
0.142976 -0.062256 0.12605
0.161856 -0.041536 0.0893299
0.180864 -0.020784 0.0365771
-0.508375 -0.980941 0.043059
-0.496604 -0.961843 0.078157
-0.484687 -0.942707 0.113293
-0.472625 -0.923533 0.148467
-0.460416 -0.90432 0.18368
-0.448061 -0.885069 0.234931
-0.435561 -0.865779 0.270221
-0.422915 -0.846451 0.305549
-0.410122 -0.827085 0.340914
-0.397184 -0.80768 0.392321
-0.3841 -0.788237 0.427763
-0.37087 -0.768755 0.463245
-0.357494 -0.749235 0.498765
-0.343972 -0.729677 0.534324
-0.330304 -0.71008 0.585919
-0.31649 -0.690445 0.621556
-0.302531 -0.670771 0.657228
-0.288425 -0.651059 0.692942
-0.274173 -0.631309 0.744689
-0.259776 -0.61152 0.78048
-0.245233 -0.591693 0.816306
-0.230543 -0.571827 0.852173
-0.215708 -0.551923 0.904077
-0.200727 -0.531981 0.940021
-0.1856 -0.512 0.975999
-0.170327 -0.491981 1.01202
-0.154908 -0.471923 1.00629
-0.139343 -0.451827 0.960963
-0.123633 -0.431693 0.915838
-0.107776 -0.41152 0.870976
-0.0917734 -0.391309 0.811055
-0.075625 -0.371059 0.766847
-0.0593306 -0.350771 0.723176
-0.0428902 -0.330445 0.680195
-0.026304 -0.31008 0.622242
-0.00957184 -0.289677 0.581204
0.00730624 -0.269235 0.541723
0.0243302 -0.248755 0.504555
0.0415002 -0.228237 0.452035
0.058816 -0.20768 0.415478
0.0762778 -0.187085 0.378883
0.0938854 -0.166451 0.326247
0.111639 -0.145779 0.289575
0.129539 -0.125069 0.252865
0.147584 -0.10432 0.216113
0.165775 -0.0835328 0.163327
0.184113 -0.0627072 0.1265
0.202596 -0.0418432 0.0896354
0.221225 -0.0209408 0.0367322
-0.429551 -0.981098 0.0429019
-0.418941 -0.96215 0.0778499
-0.40817 -0.943158 0.112842
-0.397238 -0.924122 0.147878
-0.386144 -0.90504 0.18296
-0.374889 -0.885914 0.234086
-0.363473 -0.866742 0.269258
-0.351895 -0.847526 0.304474
-0.340156 -0.828266 0.339734
-0.328256 -0.80896 0.375039
-0.316195 -0.78961 0.42639
-0.303972 -0.770214 0.461785
-0.291588 -0.750774 0.497227
-0.279043 -0.73129 0.532711
-0.266336 -0.71176 0.58424
-0.253468 -0.692186 0.619815
-0.240439 -0.672566 0.655433
-0.227249 -0.652902 0.691096
-0.213897 -0.633194 0.726807
-0.200384 -0.61344 0.77856
-0.18671 -0.593642 0.814357
-0.172874 -0.573798 0.850204
-0.158877 -0.55391 0.886089
-0.144719 -0.533978 0.938022
-0.1304 -0.514 0.974001
-0.115919 -0.493978 1.00539
-0.101277 -0.47391 0.986194
-0.0864742 -0.453798 0.92776
-0.0715098 -0.433642 0.885255
-0.056384 -0.41344 0.846498
-0.041097 -0.393194 0.804729
-0.0256486 -0.372902 0.747801
-0.010039 -0.352566 0.707644
0.00573184 -0.332186 0.668692
0.021664 -0.31176 0.61556
0.0377574 -0.29129 0.579088
0.0540122 -0.270774 0.542572
0.0704282 -0.250214 0.506014
0.0870054 -0.22961 0.453407
0.103744 -0.20896 0.416756
0.120644 -0.188266 0.380061
0.137705 -0.167526 0.327319
0.154927 -0.146742 0.290536
0.172311 -0.125914 0.253708
0.189856 -0.10504 0.216832
0.207562 -0.0841216 0.163914
0.22543 -0.0631584 0.12695
0.243459 -0.0421504 0.0899412
0.261649 -0.0210976 0.0368874
-0.350665 -0.981254 0.042746
-0.341156 -0.962458 0.0775419
-0.331473 -0.94361 0.11239
-0.321615 -0.92471 0.14729
-0.311584 -0.90576 0.18224
-0.301379 -0.886758 0.233242
-0.290999 -0.867706 0.268294
-0.280445 -0.848602 0.303399
-0.269718 -0.829446 0.338554
-0.258816 -0.81024 0.37376
-0.24774 -0.790982 0.425017
-0.23649 -0.771674 0.460325
-0.225066 -0.752314 0.495686
-0.213468 -0.732902 0.531099
-0.201696 -0.71344 0.56656
-0.18975 -0.693926 0.618074
-0.177629 -0.674362 0.653639
-0.165335 -0.654746 0.689253
-0.152867 -0.635078 0.724921
-0.140224 -0.61536 0.776639
-0.127407 -0.59559 0.81241
-0.114417 -0.57577 0.84823
-0.101252 -0.555898 0.884102
-0.087913 -0.535974 0.936027
-0.0744 -0.516 0.971999
-0.060713 -0.495974 0.991802
-0.0468518 -0.475898 0.966622
-0.0328166 -0.45577 0.910551
-0.0186074 -0.43559 0.871018
-0.004224 -0.41536 0.832348
0.0103334 -0.395078 0.79488
0.025065 -0.374746 0.742543
0.0399706 -0.354362 0.706159
0.0550502 -0.333926 0.669726
0.070304 -0.31344 0.63324
0.0857318 -0.292902 0.580699
0.101334 -0.272314 0.544108
0.11711 -0.251674 0.507471
0.13306 -0.230982 0.454777
0.149184 -0.21024 0.418034
0.165482 -0.189446 0.381241
0.181955 -0.168602 0.344396
0.198601 -0.147706 0.291497
0.215421 -0.126758 0.25455
0.232416 -0.10576 0.217551
0.249585 -0.0847104 0.1645
0.266927 -0.0636096 0.127399
0.284444 -0.0424576 0.0902466
0.302135 -0.0212544 0.0370424
-0.271716 -0.981411 0.042589
-0.263247 -0.962765 0.0772351
-0.254595 -0.944061 0.111939
-0.245757 -0.925299 0.146701
-0.236736 -0.90648 0.18152
-0.22753 -0.887603 0.232397
-0.21814 -0.868669 0.267331
-0.208566 -0.849677 0.302323
-0.198807 -0.830627 0.337373
-0.188864 -0.81152 0.372479
-0.178737 -0.792355 0.407646
-0.168425 -0.773133 0.458868
-0.157929 -0.753853 0.494147
-0.147249 -0.734515 0.529485
-0.136384 -0.71512 0.564878
-0.125335 -0.695667 0.616334
-0.114102 -0.676157 0.651842
-0.102684 -0.656589 0.687411
-0.0910822 -0.636963 0.723037
-0.079296 -0.61728 0.758719
-0.0673254 -0.597539 0.81046
-0.0551706 -0.577741 0.846261
-0.0428314 -0.557885 0.882115
-0.0303078 -0.537971 0.918028
-0.0176 -0.518 0.969999
-0.00470784 -0.497971 0.985385
0.00836864 -0.477885 0.957686
0.0216294 -0.457741 0.921542
0.0350746 -0.437539 0.869336
0.048704 -0.41728 0.83308
0.0625178 -0.396963 0.796762
0.0765158 -0.376589 0.760386
0.0906982 -0.356157 0.707952
0.105065 -0.335667 0.671463
0.119616 -0.31512 0.634918
0.134351 -0.294515 0.582312
0.149271 -0.273853 0.545646
0.164375 -0.253133 0.508929
0.179663 -0.232355 0.472147
0.195136 -0.21152 0.419311
0.210793 -0.190627 0.382419
0.226634 -0.169677 0.345469
0.24266 -0.148669 0.29246
0.25887 -0.127603 0.255393
0.275264 -0.10648 0.21827
0.291843 -0.0852992 0.165088
0.308605 -0.0640608 0.127848
0.325553 -0.0427648 0.0905522
0.342684 -0.0214112 0.0371979
-0.192704 -0.981568 0.0424319
-0.185216 -0.963072 0.0769279
-0.177536 -0.944512 0.111488
-0.169664 -0.925888 0.146112
-0.1616 -0.9072 0.1808
-0.153344 -0.888448 0.215552
-0.144896 -0.869632 0.266367
-0.136256 -0.850752 0.301248
-0.127424 -0.831808 0.336192
-0.1184 -0.8128 0.3712
-0.109184 -0.793728 0.406272
-0.099776 -0.774592 0.457408
-0.090176 -0.755392 0.492609
-0.080384 -0.736128 0.527872
-0.0704 -0.7168 0.563199
-0.060224 -0.697408 0.598592
-0.049856 -0.677952 0.650049
-0.039296 -0.658432 0.685566
-0.028544 -0.638848 0.721151
-0.0176 -0.6192 0.756799
-0.006464 -0.599488 0.808513
0.004864 -0.579712 0.844289
0.016384 -0.559872 0.880129
0.028096 -0.539968 0.916027
0.04 -0.52 0.968
0.052096 -0.499968 0.985908
0.064384 -0.479872 0.959671
0.076864 -0.459712 0.923509
0.089536 -0.439488 0.87128
0.1024 -0.4192 0.834992
0.115456 -0.398848 0.798645
0.128704 -0.378432 0.762226
0.142144 -0.357952 0.709744
0.155776 -0.337408 0.673203
0.1696 -0.3168 0.636595
0.183616 -0.296128 0.599922
0.197824 -0.275392 0.547183
0.212224 -0.254592 0.510385
0.226816 -0.233728 0.473519
0.2416 -0.2128 0.420592
0.256576 -0.191808 0.383598
0.271744 -0.170752 0.346542
0.287104 -0.149632 0.293421
0.302656 -0.128448 0.256235
0.3184 -0.1072 0.218988
0.334336 -0.085888 0.165675
0.350464 -0.064512 0.128298
0.366784 -0.043072 0.0908577
0.383296 -0.021568 0.0373529
-0.113629 -0.981725 0.042275
-0.107062 -0.963379 0.076621
-0.100297 -0.944963 0.111037
-0.093335 -0.926477 0.145523
-0.086176 -0.90792 0.18008
-0.0788198 -0.889293 0.214707
-0.0712666 -0.870595 0.265405
-0.0635162 -0.851827 0.300173
-0.0555686 -0.832989 0.335012
-0.047424 -0.81408 0.36992
-0.0390822 -0.795101 0.404899
-0.0305434 -0.776051 0.439949
-0.0218074 -0.756931 0.491069
-0.0128742 -0.737741 0.526258
-0.003744 -0.71848 0.56152
0.00558336 -0.699149 0.596852
0.0151078 -0.679747 0.648253
0.0248294 -0.660275 0.683722
0.0347482 -0.640733 0.719265
0.044864 -0.62112 0.754879
0.055177 -0.601437 0.790563
0.065687 -0.581683 0.842317
0.0763942 -0.561859 0.878142
0.0872986 -0.541965 0.914036
0.0984 -0.522 0.949998
0.109699 -0.501965 0.986919
0.121194 -0.481859 0.961658
0.132887 -0.461683 0.925478
0.144777 -0.441437 0.889232
0.156864 -0.42112 0.836915
0.169148 -0.400733 0.800527
0.181629 -0.380275 0.764067
0.194308 -0.359747 0.711538
0.207183 -0.339149 0.674941
0.220256 -0.31848 0.638272
0.233526 -0.297741 0.601532
0.246993 -0.276931 0.548723
0.260657 -0.256051 0.511841
0.274518 -0.235101 0.474891
0.288576 -0.21408 0.42187
0.302831 -0.192989 0.384775
0.317284 -0.171827 0.347615
0.331933 -0.150595 0.294382
0.34678 -0.129293 0.25708
0.361824 -0.10792 0.219706
0.377065 -0.0864768 0.166262
0.392503 -0.0649632 0.128748
0.408138 -0.0433792 0.091163
0.423971 -0.0217248 0.0375081
-0.0344922 -0.981882 0.042118
-0.0287846 -0.963686 0.076314
-0.0228774 -0.945414 0.110586
-0.0167706 -0.927066 0.144934
-0.010464 -0.90864 0.17936
-0.00395776 -0.890138 0.213862
0.00274816 -0.871558 0.264442
0.00965376 -0.852902 0.299099
0.016759 -0.83417 0.333831
0.024064 -0.81536 0.368638
0.0315686 -0.796474 0.403526
0.039273 -0.77751 0.438489
0.047177 -0.75847 0.48953
0.0552806 -0.739354 0.524647
0.063584 -0.72016 0.559839
0.072087 -0.70089 0.595112
0.0807898 -0.681542 0.630459
0.0896922 -0.662118 0.68188
0.0987942 -0.642618 0.717381
0.108096 -0.62304 0.75296
0.117597 -0.603386 0.788614
0.127299 -0.583654 0.840346
0.137199 -0.563846 0.876153
0.1473 -0.543962 0.912035
0.1576 -0.524 0.948003
0.1681 -0.503962 0.987929
0.178799 -0.483846 0.963642
0.189699 -0.463654 0.927441
0.200797 -0.443386 0.89118
0.212096 -0.42304 0.838831
0.223594 -0.402618 0.80241
0.235292 -0.382118 0.765908
0.24719 -0.361542 0.729334
0.259287 -0.34089 0.676678
0.271584 -0.32016 0.639951
0.284081 -0.299354 0.603143
0.296777 -0.27847 0.550256
0.309673 -0.25751 0.513298
0.322769 -0.236474 0.47626
0.336064 -0.21536 0.423148
0.349559 -0.19417 0.385956
0.363254 -0.172902 0.348689
0.377148 -0.151558 0.295344
0.391242 -0.130138 0.257924
0.405536 -0.10864 0.220424
0.420029 -0.0870656 0.166849
0.434723 -0.0654144 0.129197
0.449615 -0.0436864 0.091469
0.464708 -0.0218816 0.0376632
0.0447078 -0.982038 0.041962
0.0496154 -0.963994 0.076006
0.0547226 -0.945866 0.110134
0.0600294 -0.927654 0.144346
0.065536 -0.90936 0.17864
0.0712422 -0.890982 0.213018
0.0771482 -0.872522 0.247478
0.0832538 -0.853978 0.298023
0.089559 -0.83535 0.332649
0.096064 -0.81664 0.367358
0.102769 -0.797846 0.402153
0.109673 -0.77897 0.437031
0.116777 -0.76001 0.471989
0.124081 -0.740966 0.523035
0.131584 -0.72184 0.55816
0.139287 -0.70263 0.593368
0.14719 -0.683338 0.62866
0.155292 -0.663962 0.680039
0.163594 -0.644502 0.715499
0.172096 -0.62496 0.75104
0.180797 -0.605334 0.786666
0.189699 -0.585626 0.82237
0.198799 -0.565834 0.874164
0.2081 -0.545958 0.910041
0.2176 -0.526 0.946001
0.2273 -0.505958 0.982044
0.237199 -0.485834 0.965626
0.247299 -0.465626 0.929416
0.257597 -0.445334 0.893123
0.268096 -0.42496 0.856748
0.278794 -0.404502 0.804294
0.289692 -0.383962 0.767751
0.30079 -0.363338 0.731126
0.312087 -0.34263 0.678419
0.323584 -0.32184 0.641628
0.335281 -0.300966 0.604753
0.347177 -0.28001 0.567797
0.359273 -0.25897 0.514754
0.371569 -0.237846 0.477632
0.384064 -0.21664 0.440425
0.396759 -0.19535 0.387135
0.409654 -0.173978 0.349762
0.422748 -0.152522 0.312304
0.436042 -0.130982 0.258766
0.449536 -0.10936 0.221142
0.463229 -0.0876544 0.167435
0.477123 -0.0658656 0.129647
0.491215 -0.0439936 0.0917744
0.505508 -0.0220384 0.0378183
0.123971 -0.982195 0.041805
0.128138 -0.964301 0.0756993
0.132503 -0.946317 0.109683
0.137065 -0.928243 0.143756
0.141824 -0.91008 0.17792
0.14678 -0.891827 0.212172
0.151933 -0.873485 0.246514
0.157284 -0.855053 0.296948
0.162831 -0.836531 0.331469
0.168576 -0.81792 0.36608
0.174518 -0.799219 0.400781
0.180657 -0.780429 0.435572
0.186993 -0.761549 0.470449
0.193526 -0.742579 0.521421
0.200256 -0.72352 0.556479
0.207183 -0.704371 0.59163
0.214308 -0.685133 0.626869
0.221629 -0.665805 0.662196
0.229148 -0.646387 0.713614
0.236864 -0.62688 0.749119
0.244777 -0.607283 0.784716
0.252887 -0.587597 0.820401
0.261194 -0.567821 0.872176
0.269699 -0.547955 0.908044
0.2784 -0.528 0.944
0.287299 -0.507955 0.980047
0.296394 -0.487821 0.967609
0.305687 -0.467597 0.93138
0.315177 -0.447283 0.895071
0.324864 -0.42688 0.858669
0.334748 -0.406387 0.806177
0.344829 -0.385805 0.769588
0.355108 -0.365133 0.732919
0.365583 -0.344371 0.696156
0.376256 -0.32352 0.643306
0.387126 -0.302579 0.606364
0.398193 -0.281549 0.569335
0.409457 -0.260429 0.516211
0.420918 -0.239219 0.479001
0.432576 -0.21792 0.441702
0.444431 -0.196531 0.388314
0.456484 -0.175053 0.350834
0.468733 -0.153485 0.313266
0.48118 -0.131827 0.259608
0.493824 -0.11008 0.22186
0.506665 -0.0882432 0.184024
0.519703 -0.0663168 0.130096
0.532938 -0.0443008 0.0920797
0.546371 -0.0221952 0.0379737
0.203296 -0.982352 0.0416479
0.206784 -0.964608 0.0753921
0.210464 -0.946768 0.109232
0.214336 -0.928832 0.143168
0.2184 -0.9108 0.1772
0.222656 -0.892672 0.211328
0.227104 -0.874448 0.245552
0.231744 -0.856128 0.279873
0.236576 -0.837712 0.330288
0.2416 -0.8192 0.3648
0.246816 -0.800592 0.399409
0.252224 -0.781888 0.43411
0.257824 -0.763088 0.46891
0.263616 -0.744192 0.503806
0.2696 -0.7252 0.5548
0.275776 -0.706112 0.589889
0.282144 -0.686928 0.625074
0.288704 -0.667648 0.660353
0.295456 -0.648272 0.695727
0.3024 -0.6288 0.747197
0.309536 -0.609232 0.782764
0.316864 -0.589568 0.818433
0.324384 -0.569808 0.854193
0.332096 -0.549952 0.906047
0.34 -0.53 0.942003
0.348096 -0.509952 0.978045
0.356384 -0.489808 0.980754
0.364864 -0.469568 0.933354
0.373536 -0.449232 0.89702
0.3824 -0.4288 0.860586
0.391456 -0.408272 0.824056
0.400704 -0.387648 0.771433
0.410144 -0.366928 0.734711
0.419776 -0.346112 0.697893
0.4296 -0.3252 0.644985
0.439616 -0.304192 0.607975
0.449824 -0.283088 0.570872
0.460224 -0.261888 0.517669
0.470816 -0.240592 0.480372
0.4816 -0.2192 0.442982
0.492576 -0.197712 0.389493
0.503744 -0.176128 0.351909
0.515104 -0.154448 0.314228
0.526656 -0.132672 0.26045
0.5384 -0.1108 0.222578
0.550336 -0.088832 0.184611
0.562464 -0.066768 0.130546
0.574784 -0.044608 0.0923853
0.587296 -0.022352 0.0381287
0.282684 -0.982509 0.041491
0.285553 -0.964915 0.0750851
0.288605 -0.947219 0.108781
0.291843 -0.929421 0.142579
0.295264 -0.91152 0.17648
0.29887 -0.893517 0.210482
0.30266 -0.875411 0.244588
0.306634 -0.857203 0.278796
0.310793 -0.838893 0.329106
0.315136 -0.82048 0.36352
0.319663 -0.801965 0.398036
0.324375 -0.783347 0.432654
0.329271 -0.764627 0.467373
0.334351 -0.745805 0.502197
0.339616 -0.72688 0.553121
0.345065 -0.707853 0.588145
0.350698 -0.688723 0.623276
0.356516 -0.669491 0.658507
0.362518 -0.650157 0.693844
0.368704 -0.63072 0.745279
0.375075 -0.611181 0.780818
0.381629 -0.591539 0.816462
0.388369 -0.571795 0.852206
0.395292 -0.551949 0.904052
0.4024 -0.532 0.940003
0.409692 -0.511949 0.97605
0.417169 -0.491795 0.981757
0.424829 -0.471539 0.935322
0.432675 -0.451181 0.898966
0.440704 -0.43072 0.862504
0.448918 -0.410157 0.82594
0.457316 -0.389491 0.773272
0.465898 -0.368723 0.736504
0.474665 -0.347853 0.699633
0.483616 -0.32688 0.646663
0.492751 -0.305805 0.609586
0.502071 -0.284627 0.572409
0.511575 -0.263347 0.519127
0.521263 -0.241965 0.481743
0.531136 -0.22048 0.444259
0.541193 -0.198893 0.390672
0.551434 -0.177203 0.352983
0.56186 -0.155411 0.31519
0.57247 -0.133517 0.261293
0.583264 -0.11152 0.223296
0.594243 -0.0894208 0.185198
0.605405 -0.0672192 0.130995
0.616753 -0.0449152 0.0926905
0.628284 -0.0225088 0.0382839
0.362135 -0.982666 0.0413339
0.364444 -0.965222 0.0747782
0.366927 -0.94767 0.10833
0.369585 -0.93001 0.14199
0.372416 -0.91224 0.17576
0.375421 -0.894362 0.209638
0.378601 -0.876374 0.243627
0.381955 -0.858278 0.277722
0.385482 -0.840074 0.311927
0.389184 -0.82176 0.36224
0.39306 -0.803338 0.396662
0.39711 -0.784806 0.431194
0.401334 -0.766166 0.465835
0.405732 -0.747418 0.500583
0.410304 -0.72856 0.53544
0.41505 -0.709594 0.586405
0.419971 -0.690518 0.621481
0.425065 -0.671334 0.656667
0.430333 -0.652042 0.691959
0.435776 -0.63264 0.727361
0.441393 -0.61313 0.778871
0.447183 -0.59351 0.814491
0.453148 -0.573782 0.850219
0.459287 -0.553946 0.88605
0.4656 -0.534 0.937998
0.472087 -0.513946 0.973893
0.478748 -0.493782 0.982378
0.485583 -0.47351 0.953221
0.492593 -0.45313 0.900914
0.499776 -0.43264 0.864422
0.507133 -0.412042 0.827821
0.514665 -0.391334 0.775114
0.522371 -0.370518 0.738298
0.53025 -0.349594 0.701372
0.538304 -0.32856 0.664339
0.546532 -0.307418 0.611196
0.554934 -0.286166 0.573945
0.56351 -0.264806 0.536583
0.57226 -0.243338 0.483114
0.581184 -0.22176 0.445535
0.590282 -0.200074 0.407851
0.599555 -0.178278 0.354056
0.609001 -0.156374 0.31615
0.618621 -0.134362 0.262137
0.628416 -0.11224 0.224015
0.638385 -0.0900096 0.185785
0.648527 -0.0676704 0.131445
0.658844 -0.0452224 0.0929966
0.669335 -0.0226656 0.038439
0.441649 -0.982822 0.041178
0.443459 -0.96553 0.0744702
0.44543 -0.948122 0.107878
0.447562 -0.930598 0.141402
0.449856 -0.91296 0.17504
0.452311 -0.895206 0.208794
0.454927 -0.877338 0.242662
0.457705 -0.859354 0.276645
0.460644 -0.841254 0.310746
0.463744 -0.82304 0.360959
0.467005 -0.80471 0.395289
0.470428 -0.786266 0.429733
0.474012 -0.767706 0.464295
0.477757 -0.74903 0.49897
0.481664 -0.73024 0.53376
0.485732 -0.711334 0.584666
0.489961 -0.692314 0.619688
0.494351 -0.673178 0.654823
0.498903 -0.653926 0.690075
0.503616 -0.63456 0.725441
0.50849 -0.615078 0.776924
0.513526 -0.595482 0.812517
0.518723 -0.57577 0.848232
0.524081 -0.555942 0.883655
0.5296 -0.536 0.924785
0.535281 -0.515942 0.933276
0.541123 -0.49577 0.914109
0.547126 -0.475482 0.906862
0.55329 -0.455078 0.878807
0.559616 -0.43456 0.857994
0.566103 -0.413926 0.828082
0.572751 -0.393178 0.792368
0.579561 -0.372314 0.74009
0.586532 -0.351334 0.703111
0.593664 -0.33024 0.666016
0.600957 -0.30903 0.612805
0.608412 -0.287706 0.575483
0.616028 -0.266266 0.538041
0.623805 -0.24471 0.484485
0.631744 -0.22304 0.446814
0.639844 -0.201254 0.409029
0.648105 -0.179354 0.355129
0.656527 -0.157338 0.317112
0.665111 -0.135206 0.262981
0.673856 -0.11296 0.224734
0.682762 -0.0905984 0.186371
0.69183 -0.0681216 0.131894
0.701059 -0.0455296 0.093302
0.710449 -0.0228224 0.0385944
0.521225 -0.982979 0.0410208
0.522596 -0.965837 0.0741628
0.524113 -0.948573 0.107426
0.525775 -0.931187 0.140812
0.527584 -0.91368 0.17432
0.529539 -0.896051 0.207948
0.531639 -0.878301 0.241698
0.533885 -0.860429 0.27557
0.536278 -0.842435 0.309566
0.538816 -0.82432 0.34368
0.5415 -0.806083 0.393918
0.54433 -0.787725 0.428275
0.547306 -0.769245 0.462756
0.550428 -0.750643 0.497357
0.553696 -0.73192 0.53208
0.55711 -0.713075 0.566926
0.560669 -0.694109 0.617891
0.564375 -0.675021 0.652978
0.568227 -0.655811 0.688188
0.572224 -0.63648 0.723518
0.576367 -0.617027 0.758958
0.580657 -0.597453 0.807123
0.585092 -0.577757 0.817496
0.589673 -0.557939 0.81727
0.5944 -0.538 0.812899
0.599273 -0.517939 0.808041
0.604292 -0.497757 0.78703
0.609457 -0.477453 0.781875
0.614767 -0.457027 0.776574
0.620224 -0.43648 0.755124
0.625827 -0.415811 0.749469
0.631575 -0.395021 0.74272
0.637469 -0.374109 0.715658
0.64351 -0.353075 0.695745
0.649696 -0.33192 0.663398
0.656028 -0.310643 0.614311
0.662506 -0.289245 0.57702
0.66913 -0.267725 0.5395
0.6759 -0.246083 0.485856
0.682816 -0.22432 0.448091
0.689878 -0.202435 0.410207
0.697085 -0.180429 0.356202
0.704439 -0.158301 0.318073
0.711939 -0.136051 0.279823
0.719584 -0.11368 0.225451
0.727375 -0.0911872 0.186959
0.735313 -0.0685728 0.132343
0.743396 -0.0458368 0.0936075
0.751625 -0.0229792 0.0387495
0.600864 -0.983136 0.0408639
0.601856 -0.966144 0.0738561
0.602976 -0.949024 0.106976
0.604224 -0.931776 0.140224
0.6056 -0.9144 0.1736
0.607104 -0.896896 0.207104
0.608736 -0.879264 0.240737
0.610496 -0.861504 0.274497
0.612384 -0.843616 0.308385
0.6144 -0.8256 0.3424
0.616544 -0.807456 0.392543
0.618816 -0.789184 0.426815
0.621216 -0.770784 0.461215
0.623744 -0.752256 0.495743
0.6264 -0.7336 0.530399
0.629184 -0.714816 0.565182
0.632096 -0.695904 0.616098
0.635136 -0.676864 0.65097
0.638304 -0.657696 0.68333
0.6416 -0.6384 0.705486
0.645024 -0.618976 0.712595
0.648576 -0.599424 0.694708
0.652256 -0.579744 0.691035
0.656064 -0.559936 0.687235
0.66 -0.54 0.683305
0.664064 -0.519936 0.66325
0.668256 -0.499744 0.659067
0.672576 -0.479424 0.654754
0.677024 -0.458976 0.650313
0.6816 -0.4384 0.629748
0.686304 -0.417696 0.625053
0.691136 -0.396864 0.620231
0.696096 -0.375904 0.599285
0.701184 -0.354816 0.594208
0.7064 -0.3336 0.588929
0.711744 -0.312256 0.582412
0.717216 -0.290784 0.554819
0.722816 -0.269184 0.533339
0.728544 -0.247456 0.485907
0.7344 -0.2256 0.449294
0.740384 -0.203616 0.411385
0.746496 -0.181504 0.357274
0.752736 -0.159264 0.319035
0.759104 -0.136896 0.280666
0.7656 -0.1144 0.226169
0.772224 -0.091776 0.187545
0.778976 -0.069024 0.132792
0.785856 -0.046144 0.0939127
0.792864 -0.023136 0.0389045
0.680566 -0.983293 0.0407069
0.681239 -0.966451 0.0735488
0.68202 -0.949475 0.106524
0.682908 -0.932365 0.139635
0.683904 -0.91512 0.172879
0.685007 -0.897741 0.206258
0.686218 -0.880227 0.239772
0.687537 -0.862579 0.27342
0.688963 -0.844797 0.307202
0.690496 -0.82688 0.341119
0.692137 -0.808829 0.37517
0.693885 -0.790643 0.425357
0.695741 -0.772323 0.459675
0.697705 -0.753869 0.494128
0.699776 -0.73528 0.528405
0.701955 -0.716557 0.559632
0.704241 -0.697699 0.580477
0.706634 -0.678707 0.588188
0.709135 -0.659581 0.586121
0.711744 -0.64032 0.583525
0.71446 -0.620925 0.564813
0.717284 -0.601395 0.561995
0.720215 -0.581731 0.559076
0.723254 -0.561933 0.556042
0.7264 -0.542 0.552903
0.729654 -0.521933 0.533656
0.733015 -0.501731 0.530306
0.736484 -0.481395 0.526846
0.74006 -0.460925 0.523276
0.743744 -0.44032 0.519601
0.747535 -0.419581 0.499824
0.751434 -0.398707 0.495935
0.755441 -0.377699 0.491934
0.759555 -0.356557 0.487835
0.763776 -0.33528 0.467625
0.768105 -0.313869 0.463307
0.772541 -0.292323 0.458886
0.777085 -0.270643 0.438349
0.781737 -0.248829 0.433597
0.786496 -0.22688 0.423245
0.791363 -0.204797 0.403629
0.796337 -0.182579 0.356822
0.801418 -0.160227 0.319913
0.806607 -0.137741 0.281509
0.811904 -0.11512 0.226887
0.817308 -0.0923648 0.188133
0.82282 -0.0694752 0.133243
0.828439 -0.0464512 0.0942185
0.834166 -0.0232928 0.0390598
0.76033 -0.98345 0.0405499
0.760745 -0.966758 0.0732422
0.761244 -0.949926 0.106074
0.761828 -0.932954 0.139046
0.762496 -0.91584 0.17216
0.763249 -0.898586 0.205414
0.764086 -0.88119 0.23881
0.765007 -0.863654 0.272346
0.766013 -0.845978 0.306023
0.767104 -0.82816 0.33984
0.768279 -0.810202 0.373787
0.769539 -0.792102 0.407274
0.770883 -0.773862 0.44515
0.772311 -0.755482 0.455775
0.773824 -0.73696 0.457168
0.775421 -0.718298 0.455818
0.777103 -0.699494 0.438142
0.77887 -0.68055 0.436382
0.780721 -0.661466 0.434538
0.782656 -0.64224 0.432609
0.784676 -0.622874 0.430596
0.78678 -0.603366 0.428498
0.788969 -0.583718 0.426319
0.791242 -0.56393 0.424053
0.7936 -0.544 0.405704
0.796042 -0.52393 0.403268
0.798569 -0.503718 0.400752
0.80118 -0.483366 0.39815
0.803876 -0.462874 0.39546
0.806656 -0.44224 0.392691
0.809521 -0.421466 0.373837
0.81247 -0.40055 0.370897
0.815503 -0.379494 0.367873
0.818621 -0.358298 0.364768
0.821824 -0.33696 0.361577
0.825111 -0.315482 0.342299
0.828483 -0.293862 0.338942
0.831939 -0.272102 0.335496
0.835479 -0.250202 0.331967
0.839104 -0.22816 0.328355
0.842813 -0.205978 0.308656
0.846607 -0.183654 0.304054
0.850486 -0.16119 0.29475
0.854449 -0.138586 0.274432
0.858496 -0.11584 0.226416
0.862628 -0.0929536 0.188665
0.866844 -0.0699264 0.133692
0.871145 -0.0467584 0.0945241
0.87553 -0.0234496 0.0392148
0.840157 -0.983606 0.040394
0.840374 -0.967066 0.0729338
0.840649 -0.950378 0.105622
0.840983 -0.933542 0.138457
0.841376 -0.91656 0.17144
0.841828 -0.89943 0.204566
0.842339 -0.882154 0.237633
0.842908 -0.86473 0.268711
0.843537 -0.847158 0.292172
0.844224 -0.82944 0.303514
0.84497 -0.811574 0.30593
0.845775 -0.793562 0.305444
0.846639 -0.775402 0.304589
0.847562 -0.757094 0.303671
0.848544 -0.73864 0.302693
0.849585 -0.720038 0.301656
0.850684 -0.70129 0.300562
0.851843 -0.682394 0.299409
0.85306 -0.66335 0.2982
0.854336 -0.64416 0.296929
0.855671 -0.624822 0.2956
0.857065 -0.605338 0.278213
0.858518 -0.585706 0.276767
0.860029 -0.565926 0.275266
0.8616 -0.546 0.273702
0.863229 -0.525926 0.272082
0.864918 -0.505706 0.270399
0.866665 -0.485338 0.268665
0.868471 -0.464822 0.266866
0.870336 -0.44416 0.265011
0.87226 -0.42335 0.247098
0.874243 -0.402394 0.245124
0.876284 -0.38129 0.243092
0.878385 -0.360038 0.241
0.880544 -0.33864 0.238855
0.882762 -0.317094 0.236648
0.885039 -0.295402 0.234386
0.887375 -0.273562 0.232059
0.88977 -0.251574 0.213674
0.892224 -0.22944 0.211235
0.894737 -0.207158 0.208733
0.897308 -0.18473 0.206173
0.899939 -0.162154 0.203559
0.902628 -0.13943 0.20082
0.905376 -0.11656 0.180741
0.908183 -0.0935424 0.169972
0.911049 -0.0703776 0.132477
0.913974 -0.0470656 0.0947602
0.916957 -0.0236064 0.0393701
0.920047 -0.983763 0.040237
0.920125 -0.967373 0.0725971
0.920234 -0.950829 0.104174
0.920374 -0.934131 0.130394
0.920544 -0.91728 0.145331
0.920745 -0.900275 0.149874
0.920977 -0.883117 0.150221
0.921239 -0.865805 0.149972
0.921532 -0.848339 0.149681
0.921856 -0.83072 0.14936
0.922211 -0.812947 0.149009
0.922596 -0.795021 0.148628
0.923012 -0.776941 0.148216
0.923459 -0.758707 0.147775
0.923936 -0.74032 0.147301
0.924444 -0.721779 0.146797
0.924983 -0.703085 0.146264
0.925553 -0.684237 0.1457
0.926153 -0.665235 0.145105
0.926784 -0.64608 0.144482
0.927446 -0.626771 0.143826
0.928138 -0.607309 0.143141
0.928861 -0.587693 0.142424
0.929615 -0.567923 0.14168
0.9304 -0.548 0.140902
0.931215 -0.527923 0.140095
0.932061 -0.507693 0.139256
0.932938 -0.487309 0.138391
0.933846 -0.466771 0.13749
0.934784 -0.44608 0.136561
0.935753 -0.425235 0.135601
0.936753 -0.404237 0.118613
0.937783 -0.383085 0.117592
0.938844 -0.361779 0.11654
0.939936 -0.34032 0.115462
0.941059 -0.318707 0.11435
0.942212 -0.296941 0.113207
0.943396 -0.275021 0.112038
0.944611 -0.252947 0.110833
0.945856 -0.23072 0.109603
0.947132 -0.208339 0.108337
0.948439 -0.185805 0.107042
0.949777 -0.163117 0.105721
0.951145 -0.140275 0.104364
0.952544 -0.11728 0.0869824
0.953974 -0.0941312 0.0855643
0.955434 -0.0708288 0.0831845
0.956925 -0.0473728 0.0749613
0.958447 -0.0237632 0.0337985
