X    Y   Z   GLobalID    OrderedID   epsilon
3.3  12.09 0 0 0  1
1.95  5.91 0 1 0  1
3.12  10.36 0 2 0  1
3.54  15.49 0 3 0  1
3.13  11.39 0 4 0  1
2.64  7.82 0 5 0  1
2.25  4.22 0 6 0  1
2.65  9.63 0 7 0  1
-1.65  1.52 0 8 0  1
0.92  0.84 0 9 0  1
-1.11  2.61 0 10 0  1
3.94  12.73 0 11 0  1
-1.6  3.47 0 12 0  1
-2.1  3.67 0 13 0  1
2.5  6.97 0 14 0  1
1.33  1.72 0 15 0  1
-0.68  -0.07 0 16 0  1
3.06  7.1 0 17 0  1
2.91  6.55 0 18 0  1
0.57  -0.26 0 19 0  1
4.36  15.21 0 20 0  1
2.08  3.57 0 21 0  1
3.67  10.71 0 22 0  1
-1.84  2.99 0 23 0  1
3.16  7.66 0 24 0  1
1.48  3.86 0 25 0  1
0.3  0.22 0 26 0  1
3.43  9.41 0 27 0  1
1.7  2.86 0 28 0  1
3.41  14.5 0 29 0  1
3.74  16.12 0 30 0  1
2.73  5.89 0 31 0  1
-1.93  4.29 0 32 0  1
-1.76  2.42 0 33 0  1
3.27  8.38 0 34 0  1
4.08  14.71 0 35 0  1
-0.85  1.34 0 36 0  1
2.32  5.39 0 37 0  1
3.69  11.6 0 38 0  1
-0.96  0.64 0 39 0  1
3.39  13.5 0 40 0  1
3.48  12.69 0 41 0  1
4.19  13.62 0 42 0  1
-0.88  1.98 0 43 0  1
3.83  14.06 0 44 0  1
-0.09  -0.01 0 45 0  1
2.69  8.79 0 46 0  1
1.07  0.25 0 47 0  1
1.37  1.13 0 48 0  1
-0.39  0.76 0 49 0  1
3.39  14.95 0 50 0  1
1.68  3.32 0 51 0  1
3.2  13.06 0 52 0  1
2.37  8.19 0 53 0  1
2.8  9.19 0 54 0  1
1.26  2.44 0 55 0  1
0.92  1.65 0 56 0  1
3.71  12.34 0 57 0  1
2.01  2.25 0 58 0  1
1.95  4.84 0 59 0  1
2.48  4.73 0 60 0  1
4.46  15.88 0 61 0  1
2.97  10.99 0 62 0  1
3.33  9.82 0 63 0  1
0.5  0.68 0 64 0  1
3.54  10.2 0 65 0  1
-0.95  0.21 0 66 0  1
3.32  8 0 67 0  1
1.83  4.21 0 68 0  1
1.65  4.61 0 69 0  1
2.76  8.17 0 70 0  1
-0.41  0.32 0 71 0  1
3.76  14.52 0 72 0  1
3.97  15.51 0 73 0  1
3.93  15.14 0 74 0  1
3.81  11.96 0 75 0  1
3.5  13.18 0 76 0  1
-1.98  3.98 0 77 0  1
2.62  5.06 0 78 0  1
4.23  14.32 0 79 0  1
2.48  6.58 0 80 0  1
-1.3  0.71 0 81 0  1
3.86  13.02 0 82 0  1
2.85  10.64 0 83 0  1
3.29  8.96 0 84 0  1
2.08  3.16 0 85 0  1
2.52  9.05 0 86 0  1
3.21  11.76 0 87 0  1
3.13  12.76 0 88 0  1
1.56  2.39 0 89 0  1
1.27  2.88 0 90 0  1
3.92  13.57 0 91 0  1
-2.15  2.87 0 92 0  1
-1.44  2.38 0 93 0  1
3.51  11.37 0 94 0  1
2.05  3.84 0 95 0  1
2.19  4.66 0 96 0  1
1.28  2.18 0 97 0  1
-0.35  -0.25 0 98 0  1
0.93  1.11 0 99 0   1