516 48 20
197.874983 402.119809
204.188546 403.163981
210.517160 404.114768
216.857067 404.986949
223.206323 405.788316
229.564530 406.515341
235.930294 407.172922
242.302680 407.762909
248.680945 408.285485
248.680998 191.676772
242.299763 192.175396
235.924130 192.741079
229.555141 193.377185
223.193761 194.085328
216.841505 194.871125
210.499905 195.738684
204.171449 196.697256
197.883392 197.873042
250.000000 350.000000
242.748901 350.003813
235.497829 350.022902
228.246868 350.066908
220.996253 350.149774
213.746500 350.288347
206.498694 350.505406
199.254865 350.828110
192.018835 351.293064
250.000000 250.000000
242.723885 249.996347
235.447797 249.977080
228.171822 249.932601
220.896207 249.848376
213.621466 249.708384
206.348717 249.488803
199.080023 249.162440
191.819307 248.691788
228.726254 486.867307
218.999200 482.860233
209.495624 478.348673
200.242024 473.344266
191.266112 467.857363
182.590291 461.907392
174.238385 455.510658
166.235315 448.682491
158.603021 441.442291
228.726003 113.132840
218.992253 117.142844
209.482343 121.658107
200.222825 126.666931
191.241356 132.158750
182.560463 138.114247
174.204021 144.517080
166.197079 151.351970
158.561510 158.599336
197.874983 402.119809
197.077651 395.777900
196.161813 389.446501
195.306700 383.106625
194.516345 376.758354
193.793969 370.401985
193.137470 364.038475
192.546039 357.668587
192.018835 351.293064
408.482142 351.332356
407.954730 357.715035
407.361175 364.091899
406.697751 370.461872
405.962359 376.823935
405.151933 383.176872
404.263529 389.519364
403.289021 395.849193
402.116239 402.144544
250.000000 350.000000
249.996255 357.289274
249.976668 364.578520
249.932073 371.867653
249.847328 379.156421
249.706983 386.444320
249.485215 393.730165
249.157082 401.011956
248.680945 408.285485
350.000000 350.000000
350.003889 357.290516
350.023046 364.581006
350.068154 371.871378
350.152320 379.161397
350.294262 386.450506
350.515277 393.737618
350.844560 401.020587
351.317777 408.295554
486.868144 371.270587
482.861481 381.003745
478.344921 390.511025
473.335927 399.768269
467.848347 408.750121
461.894046 417.429630
455.491073 425.783597
448.658832 433.790292
441.415198 441.426876
113.133068 371.275127
117.143433 381.009299
121.658982 390.519653
126.668578 399.779335
132.160631 408.761256
138.116232 417.442710
144.518999 425.799893
151.355607 433.806068
158.603021 441.442291
191.819307 248.691788
192.327630 242.312266
192.902897 235.938434
193.545077 229.570996
194.257965 223.211085
195.044336 216.859843
195.906644 210.518465
196.847444 204.188273
197.883392 197.873042
402.108725 197.858093
403.265415 204.156155
404.238904 210.485853
405.128240 216.827948
405.937400 223.180776
406.672930 229.542547
407.337064 235.912165
407.933991 242.288440
408.461752 248.670814
350.000000 250.000000
350.003799 242.760364
350.022926 235.520753
350.066961 228.281255
350.149277 221.042098
350.287537 213.803805
350.502820 206.567415
350.825414 199.335062
351.286119 192.110251
250.000000 250.000000
249.995931 242.706023
249.976874 235.412070
249.931495 228.118239
249.847059 220.824762
249.705576 213.532185
249.483991 206.241629
249.155401 198.955154
248.680998 191.676772
113.132688 228.726760
117.139781 218.998935
121.651429 209.494589
126.657226 200.240934
132.144177 191.264238
138.094202 182.587578
144.490958 174.234742
151.321045 166.232347
158.561510 158.599336
486.868562 228.731170
482.860893 218.995541
478.343479 209.485708
473.332749 200.226355
467.843282 191.242526
461.887425 182.560839
455.482139 174.205263
448.647413 166.197172
441.401401 158.559151
402.108725 197.858093
395.763070 197.200115
389.430908 196.294818
383.091740 195.440070
376.744628 194.646479
370.389862 193.916721
364.028063 193.251019
357.659860 192.649684
351.286119 192.110251
351.317777 408.295554
357.694790 407.772935
364.066004 407.183881
370.430597 406.527161
376.787604 405.800665
383.135887 405.001523
389.474152 404.126539
395.801304 403.174574
402.116239 402.144544
350.000000 250.000000
357.311341 249.996097
364.622655 249.976608
371.933852 249.931399
379.244687 249.846279
386.554595 249.702912
393.862520 249.481301
401.166147 249.147708
408.461752 248.670814
350.000000 350.000000
357.313912 350.004280
364.627798 350.023349
371.941562 350.069062
379.254971 350.153814
386.567456 350.296900
393.877937 350.519215
401.184128 350.852981
408.482142 351.332356
371.273969 113.133088
381.002534 117.137873
390.505402 121.652152
399.758424 126.658510
408.736186 132.143231
417.412696 138.093118
425.763325 144.492304
433.766861 151.320586
441.401401 158.559151
371.273455 486.867155
381.004277 482.861231
390.509406 478.345833
399.764513 473.338021
408.744208 467.851619
417.422462 461.899811
425.774681 455.498547
433.779546 448.667933
441.415198 441.426876
402.116239 402.144544
407.038024 407.045366
411.948914 411.957146
416.859841 416.868888
421.770956 421.780442
426.681919 426.692148
431.593009 431.603727
436.504062 436.515343
441.415198 441.426876
402.108725 197.858093
407.024232 192.949657
411.934554 188.036026
416.845452 183.122971
421.756556 178.210121
426.667605 173.297217
431.578837 168.384495
436.490136 163.471841
441.401401 158.559151
197.874983 402.119809
192.980970 407.049929
188.070264 411.963553
183.159437 416.877056
178.248370 421.790319
173.337118 426.703397
168.425820 431.616430
163.514398 436.529338
158.603021 441.442291
197.883392 197.873042
192.953738 192.978415
188.039479 188.068203
183.126435 183.156774
178.213252 178.245484
173.300267 173.333997
168.387340 168.422451
163.474412 163.510907
158.561510 158.599336
408.482142 351.332356
418.585459 352.315558
428.631708 353.767493
438.589264 355.737568
448.433787 358.212363
458.165055 361.101796
467.800890 364.296070
477.361373 367.709794
486.868144 371.270587
408.461752 248.670814
418.567609 247.686688
428.617325 246.239914
438.576758 244.265691
448.424569 241.793319
458.158233 238.902720
467.796408 235.707295
477.359234 232.292478
486.868562 228.731170
248.680998 191.676772
247.701210 181.553073
246.254050 171.485920
244.281884 161.508492
241.806265 151.643668
238.915882 141.891868
235.713237 132.237825
232.294165 122.658108
228.726003 113.132840
351.317777 408.295554
352.295971 418.422858
353.741915 428.493673
355.716493 438.474122
358.191107 448.342644
361.080776 458.098197
364.284747 467.755411
367.703973 477.338705
371.273455 486.867155
248.680945 408.285485
247.704051 418.414132
246.256694 428.485950
244.287329 438.468688
241.812439 448.338567
238.919923 458.094640
235.717130 467.753604
232.295946 477.337569
228.726254 486.867307
191.819307 248.691788
181.677426 247.714700
171.591348 246.273611
161.595050 244.304209
151.712224 241.826671
141.943007 238.932263
132.271659 235.725065
122.674738 232.301074
113.132688 228.726760
192.018835 351.293064
181.851350 352.265294
171.739460 353.702530
161.717292 355.669746
151.809280 358.149510
142.014562 361.045864
132.318842 364.259117
122.698582 367.692159
113.133068 371.275127
351.286119 192.110251
352.254880 181.930932
353.693109 171.807705
355.656714 161.773242
358.137708 151.853772
361.035616 142.047652
364.251363 132.340757
367.688652 122.709907
371.273969 113.133088
350.000000 250.000000
343.333333 250.000000
336.666667 250.000000
330.000000 250.000000
323.333333 250.000000
316.666667 250.000000
310.000000 250.000000
303.333333 250.000000
296.666667 250.000000
290.000000 250.000000
283.333333 250.000000
276.666667 250.000000
270.000000 250.000000
263.333333 250.000000
256.666667 250.000000
250.000000 250.000000
351.286119 192.110251
344.458258 191.600654
337.625489 191.161709
330.788720 190.790276
323.948559 190.487550
317.105736 190.252345
310.260879 190.086774
303.414737 189.987977
296.567953 189.957217
289.721197 189.993106
282.875190 190.100444
276.030514 190.272883
269.187992 190.516434
262.348345 190.830552
255.512528 191.219072
248.680998 191.676772
371.273969 113.133088
362.114849 109.891420
352.809162 107.098031
343.378250 104.762069
333.845137 102.886543
324.232265 101.475893
314.562280 100.533357
304.857942 100.061213
295.142099 100.060497
285.437625 100.531298
275.767591 101.474306
266.154884 102.886377
256.622040 104.763148
247.191535 107.100368
237.885551 109.892450
228.726003 113.132840
350.000000 250.000000
350.000000 256.666667
350.000000 263.333333
350.000000 270.000000
350.000000 276.666667
350.000000 283.333333
350.000000 290.000000
350.000000 296.666667
350.000000 303.333333
350.000000 310.000000
350.000000 316.666667
350.000000 323.333333
350.000000 330.000000
350.000000 336.666667
350.000000 343.333333
350.000000 350.000000
408.461752 248.670814
408.955621 255.503738
409.377033 262.341521
409.726134 269.183381
410.003554 276.028519
410.212910 282.876073
410.352041 289.725419
410.422744 296.575813
410.423704 303.426573
410.356608 310.277003
410.219583 317.126392
410.014173 323.974068
409.737575 330.819238
409.390810 337.661208
408.972627 344.499185
408.482142 351.332356
486.868562 228.731170
490.109459 237.889785
492.901837 247.194994
495.240212 256.624574
497.113390 266.157460
498.527124 275.769308
499.473702 285.438043
499.900278 295.143860
499.900244 304.857930
499.473281 314.563723
498.526471 324.232416
497.112585 333.844218
495.239783 343.377163
492.901843 352.806863
490.109257 362.112032
486.868144 371.270587
250.000000 250.000000
250.000000 256.666667
250.000000 263.333333
250.000000 270.000000
250.000000 276.666667
250.000000 283.333333
250.000000 290.000000
250.000000 296.666667
250.000000 303.333333
250.000000 310.000000
250.000000 316.666667
250.000000 323.333333
250.000000 330.000000
250.000000 336.666667
250.000000 343.333333
250.000000 350.000000
192.018835 351.293064
191.523840 344.464451
191.098751 337.631129
190.743922 330.793798
190.457241 323.953268
190.240324 317.110173
190.089068 310.265312
190.006976 303.419266
189.992216 296.572743
190.046538 289.726420
190.168536 282.880975
190.358155 276.037069
190.617196 269.195435
190.946580 262.356823
191.347496 255.522041
191.819307 248.691788
113.132688 228.726760
109.892200 237.886293
107.100139 247.192307
104.763023 256.622859
102.886556 266.155775
101.475085 275.768561
100.531816 285.438552
100.059233 295.142977
100.059847 304.858908
100.532482 314.563303
101.475624 324.233286
102.887061 333.846065
104.763517 343.378975
107.100537 352.809553
109.892548 362.115591
113.133068 371.275127
250.000000 350.000000
256.666667 350.000000
263.333333 350.000000
270.000000 350.000000
276.666667 350.000000
283.333333 350.000000
290.000000 350.000000
296.666667 350.000000
303.333333 350.000000
310.000000 350.000000
316.666667 350.000000
323.333333 350.000000
330.000000 350.000000
336.666667 350.000000
343.333333 350.000000
350.000000 350.000000
248.680945 408.285485
255.512382 408.775796
262.348795 409.190968
269.188989 409.538354
276.032452 409.814088
282.878345 410.020893
289.725982 410.158462
296.574652 410.227280
303.423668 410.228013
310.272334 410.159160
317.120007 410.023802
323.965950 409.818690
330.809436 409.543599
337.649788 409.199265
344.486170 408.783519
351.317777 408.295554
228.726254 486.867307
237.885754 490.107670
247.191693 492.899708
256.622164 495.236832
266.154957 497.113542
275.767617 498.525508
285.437550 499.468980
295.141985 499.939641
304.857779 499.938930
314.562059 499.466703
324.231984 498.524132
333.844790 497.113440
343.377839 495.237907
352.808686 492.901947
362.114405 490.108864
371.273455 486.867155
0 8
484 499
171 179
54 62
436 451
108 116
162 170
340 355
9 17
117 125
388 403
63 71
126 134
315 323
180 188
261 269
27 35
297 305
135 143
270 278
72 80
288 296
18 26
306 314
189 197
252 260
81 89
279 287
234 242
225 233
216 224
243 251
324 339
372 387
420 435
468 483
198 206
356 371
404 419
153 161
144 152
452 467
45 53
36 44
500 515
99 107
90 98
207 215
0 20 22 3
0 21 43 28
22 4 16 34
16 5 8 18
8 31 42 19
1 26 35 20
1 27 44 21
2 30 47 27
2 11 24 26
24 10 14 33
14 9 6 12
6 13 36 29
3 23 45 28
11 30 46 25
4 17 41 23
5 31 40 17
18 7 12 32
9 15 39 29
7 19 37 13
10 25 38 15
