N_Fct: 800
function: y=a*x^2+b; z=c*x+d
X    Y   Z   GLobalID
-2  4 0 0
-1.99249  3.97002 0 1
-1.98498  3.94015 0 2
-1.97747  3.91039 0 3
-1.96996  3.88075 0 4
-1.96245  3.85122 0 5
-1.95494  3.8218 0 6
-1.94743  3.7925 0 7
-1.93992  3.76331 0 8
-1.93242  3.73423 0 9
-1.92491  3.70526 0 10
-1.9174  3.67641 0 11
-1.90989  3.64767 0 12
-1.90238  3.61904 0 13
-1.89487  3.59053 0 14
-1.88736  3.56212 0 15
-1.87985  3.53384 0 16
-1.87234  3.50566 0 17
-1.86483  3.47759 0 18
-1.85732  3.44964 0 19
-1.84981  3.42181 0 20
-1.8423  3.39408 0 21
-1.83479  3.36647 0 22
-1.82728  3.33897 0 23
-1.81977  3.31158 0 24
-1.81227  3.28431 0 25
-1.80476  3.25714 0 26
-1.79725  3.2301 0 27
-1.78974  3.20316 0 28
-1.78223  3.17634 0 29
-1.77472  3.14963 0 30
-1.76721  3.12303 0 31
-1.7597  3.09654 0 32
-1.75219  3.07017 0 33
-1.74468  3.04391 0 34
-1.73717  3.01776 0 35
-1.72966  2.99173 0 36
-1.72215  2.96581 0 37
-1.71464  2.94 0 38
-1.70713  2.91431 0 39
-1.69962  2.88872 0 40
-1.69212  2.86325 0 41
-1.68461  2.8379 0 42
-1.6771  2.81265 0 43
-1.66959  2.78752 0 44
-1.66208  2.7625 0 45
-1.65457  2.7376 0 46
-1.64706  2.7128 0 47
-1.63955  2.68812 0 48
-1.63204  2.66355 0 49
-1.62453  2.6391 0 50
-1.61702  2.61476 0 51
-1.60951  2.59053 0 52
-1.602  2.56641 0 53
-1.59449  2.54241 0 54
-1.58698  2.51852 0 55
-1.57947  2.49474 0 56
-1.57196  2.47107 0 57
-1.56446  2.44752 0 58
-1.55695  2.42408 0 59
-1.54944  2.40075 0 60
-1.54193  2.37754 0 61
-1.53442  2.35444 0 62
-1.52691  2.33145 0 63
-1.5194  2.30857 0 64
-1.51189  2.28581 0 65
-1.50438  2.26316 0 66
-1.49687  2.24062 0 67
-1.48936  2.2182 0 68
-1.48185  2.19589 0 69
-1.47434  2.17369 0 70
-1.46683  2.1516 0 71
-1.45932  2.12963 0 72
-1.45181  2.10777 0 73
-1.44431  2.08602 0 74
-1.4368  2.06438 0 75
-1.42929  2.04286 0 76
-1.42178  2.02145 0 77
-1.41427  2.00015 0 78
-1.40676  1.97897 0 79
-1.39925  1.9579 0 80
-1.39174  1.93694 0 81
-1.38423  1.91609 0 82
-1.37672  1.89536 0 83
-1.36921  1.87474 0 84
-1.3617  1.85423 0 85
-1.35419  1.83384 0 86
-1.34668  1.81356 0 87
-1.33917  1.79339 0 88
-1.33166  1.77333 0 89
-1.32416  1.75339 0 90
-1.31665  1.73356 0 91
-1.30914  1.71384 0 92
-1.30163  1.69423 0 93
-1.29412  1.67474 0 94
-1.28661  1.65536 0 95
-1.2791  1.63609 0 96
-1.27159  1.61694 0 97
-1.26408  1.5979 0 98
-1.25657  1.57897 0 99
-1.24906  1.56015 0 100
-1.24155  1.54145 0 101
-1.23404  1.52286 0 102
-1.22653  1.50438 0 103
-1.21902  1.48602 0 104
-1.21151  1.46777 0 105
-1.20401  1.44963 0 106
-1.1965  1.4316 0 107
-1.18899  1.41369 0 108
-1.18148  1.39589 0 109
-1.17397  1.3782 0 110
-1.16646  1.36062 0 111
-1.15895  1.34316 0 112
-1.15144  1.32581 0 113
-1.14393  1.30858 0 114
-1.13642  1.29145 0 115
-1.12891  1.27444 0 116
-1.1214  1.25754 0 117
-1.11389  1.24076 0 118
-1.10638  1.22408 0 119
-1.09887  1.20752 0 120
-1.09136  1.19108 0 121
-1.08385  1.17474 0 122
-1.07635  1.15852 0 123
-1.06884  1.14241 0 124
-1.06133  1.12641 0 125
-1.05382  1.11053 0 126
-1.04631  1.09476 0 127
-1.0388  1.0791 0 128
-1.03129  1.06356 0 129
-1.02378  1.04812 0 130
-1.01627  1.03281 0 131
-1.00876  1.0176 0 132
-1.00125  1.0025 0 133
-0.993742  0.987524 0 134
-0.986233  0.972655 0 135
-0.978723  0.9579 0 136
-0.971214  0.943257 0 137
-0.963705  0.928727 0 138
-0.956195  0.914309 0 139
-0.948686  0.900005 0 140
-0.941176  0.885813 0 141
-0.933667  0.871734 0 142
-0.926158  0.857768 0 143
-0.918648  0.843915 0 144
-0.911139  0.830174 0 145
-0.90363  0.816546 0 146
-0.89612  0.803031 0 147
-0.888611  0.789629 0 148
-0.881101  0.77634 0 149
-0.873592  0.763163 0 150
-0.866083  0.750099 0 151
-0.858573  0.737148 0 152
-0.851064  0.72431 0 153
-0.843554  0.711584 0 154
-0.836045  0.698971 0 155
-0.828536  0.686471 0 156
-0.821026  0.674084 0 157
-0.813517  0.66181 0 158
-0.806008  0.649648 0 159
-0.798498  0.637599 0 160
-0.790989  0.625663 0 161
-0.783479  0.61384 0 162
-0.77597  0.602129 0 163
-0.768461  0.590532 0 164
-0.760951  0.579047 0 165
-0.753442  0.567675 0 166
-0.745932  0.556415 0 167
-0.738423  0.545269 0 168
-0.730914  0.534235 0 169
-0.723404  0.523314 0 170
-0.715895  0.512505 0 171
-0.708385  0.50181 0 172
-0.700876  0.491227 0 173
-0.693367  0.480757 0 174
-0.685857  0.4704 0 175
-0.678348  0.460156 0 176
-0.670839  0.450024 0 177
-0.663329  0.440006 0 178
-0.65582  0.4301 0 179
-0.64831  0.420306 0 180
-0.640801  0.410626 0 181
-0.633292  0.401058 0 182
-0.625782  0.391603 0 183
-0.618273  0.382261 0 184
-0.610763  0.373032 0 185
-0.603254  0.363915 0 186
-0.595745  0.354912 0 187
-0.588235  0.346021 0 188
-0.580726  0.337243 0 189
-0.573217  0.328577 0 190
-0.565707  0.320025 0 191
-0.558198  0.311585 0 192
-0.550688  0.303258 0 193
-0.543179  0.295043 0 194
-0.53567  0.286942 0 195
-0.52816  0.278953 0 196
-0.520651  0.271077 0 197
-0.513141  0.263314 0 198
-0.505632  0.255664 0 199
-0.498123  0.248126 0 200
-0.490613  0.240701 0 201
-0.483104  0.233389 0 202
-0.475594  0.22619 0 203
-0.468085  0.219104 0 204
-0.460576  0.21213 0 205
-0.453066  0.205269 0 206
-0.445557  0.198521 0 207
-0.438048  0.191886 0 208
-0.430538  0.185363 0 209
-0.423029  0.178953 0 210
-0.415519  0.172656 0 211
-0.40801  0.166472 0 212
-0.400501  0.160401 0 213
-0.392991  0.154442 0 214
-0.385482  0.148596 0 215
-0.377972  0.142863 0 216
-0.370463  0.137243 0 217
-0.362954  0.131735 0 218
-0.355444  0.126341 0 219
-0.347935  0.121059 0 220
-0.340426  0.11589 0 221
-0.332916  0.110833 0 222
-0.325407  0.10589 0 223
-0.317897  0.101059 0 224
-0.310388  0.0963407 0 225
-0.302879  0.0917354 0 226
-0.295369  0.087243 0 227
-0.28786  0.0828633 0 228
-0.28035  0.0785964 0 229
-0.272841  0.0744422 0 230
-0.265332  0.0704009 0 231
-0.257822  0.0664723 0 232
-0.250313  0.0626565 0 233
-0.242804  0.0589535 0 234
-0.235294  0.0553633 0 235
-0.227785  0.0518859 0 236
-0.220275  0.0485212 0 237
-0.212766  0.0452694 0 238
-0.205257  0.0421303 0 239
-0.197747  0.0391039 0 240
-0.190238  0.0361904 0 241
-0.182728  0.0333897 0 242
-0.175219  0.0307017 0 243
-0.16771  0.0281265 0 244
-0.1602  0.0256641 0 245
-0.152691  0.0233145 0 246
-0.145181  0.0210777 0 247
-0.137672  0.0189536 0 248
-0.130163  0.0169423 0 249
-0.122653  0.0150438 0 250
-0.115144  0.0132581 0 251
-0.107635  0.0115852 0 252
-0.100125  0.010025 0 253
-0.0926158  0.00857768 0 254
-0.0851064  0.0072431 0 255
-0.077597  0.00602129 0 256
-0.0700876  0.00491227 0 257
-0.0625782  0.00391603 0 258
-0.0550688  0.00303258 0 259
-0.0475594  0.0022619 0 260
-0.0400501  0.00160401 0 261
-0.0325407  0.0010589 0 262
-0.0250313  0.000626565 0 263
-0.0175219  0.000307017 0 264
-0.0100125  0.00010025 0 265
-0.00250313  6.26565e-06 0 266
0.00500626  2.50626e-05 0 267
0.0125156  0.000156641 0 268
0.020025  0.000401002 0 269
0.0275344  0.000758144 0 270
0.0350438  0.00122807 0 271
0.0425532  0.00181077 0 272
0.0500626  0.00250626 0 273
0.057572  0.00331453 0 274
0.0650814  0.00423558 0 275
0.0725907  0.00526942 0 276
0.0801001  0.00641603 0 277
0.0876095  0.00767543 0 278
0.0951189  0.0090476 0 279
0.102628  0.0105326 0 280
0.110138  0.0121303 0 281
0.117647  0.0138408 0 282
0.125156  0.0156641 0 283
0.132666  0.0176002 0 284
0.140175  0.0196491 0 285
0.147685  0.0218107 0 286
0.155194  0.0240852 0 287
0.162703  0.0264724 0 288
0.170213  0.0289724 0 289
0.177722  0.0315852 0 290
0.185232  0.0343107 0 291
0.192741  0.0371491 0 292
0.20025  0.0401002 0 293
0.20776  0.0431641 0 294
0.215269  0.0463408 0 295
0.222778  0.0496302 0 296
0.230288  0.0530325 0 297
0.237797  0.0565475 0 298
0.245307  0.0601753 0 299
0.252816  0.0639159 0 300
0.260325  0.0677693 0 301
0.267835  0.0717355 0 302
0.275344  0.0758144 0 303
0.282854  0.0800061 0 304
0.290363  0.0843106 0 305
0.297872  0.0887279 0 306
0.305382  0.093258 0 307
0.312891  0.0979008 0 308
0.320401  0.102656 0 309
0.32791  0.107525 0 310
0.335419  0.112506 0 311
0.342929  0.1176 0 312
0.350438  0.122807 0 313
0.357947  0.128126 0 314
0.365457  0.133559 0 315
0.372966  0.139104 0 316
0.380476  0.144762 0 317
0.387985  0.150532 0 318
0.395494  0.156416 0 319
0.403004  0.162412 0 320
0.410513  0.168521 0 321
0.418023  0.174743 0 322
0.425532  0.181077 0 323
0.433041  0.187525 0 324
0.440551  0.194085 0 325
0.44806  0.200758 0 326
0.455569  0.207544 0 327
0.463079  0.214442 0 328
0.470588  0.221453 0 329
0.478098  0.228577 0 330
0.485607  0.235814 0 331
0.493116  0.243164 0 332
0.500626  0.250626 0 333
0.508135  0.258201 0 334
0.515645  0.265889 0 335
0.523154  0.27369 0 336
0.530663  0.281604 0 337
0.538173  0.28963 0 338
0.545682  0.297769 0 339
0.553191  0.306021 0 340
0.560701  0.314385 0 341
0.56821  0.322863 0 342
0.57572  0.331453 0 343
0.583229  0.340156 0 344
0.590738  0.348972 0 345
0.598248  0.3579 0 346
0.605757  0.366942 0 347
0.613267  0.376096 0 348
0.620776  0.385363 0 349
0.628285  0.394742 0 350
0.635795  0.404235 0 351
0.643304  0.41384 0 352
0.650814  0.423558 0 353
0.658323  0.433389 0 354
0.665832  0.443333 0 355
0.673342  0.453389 0 356
0.680851  0.463558 0 357
0.68836  0.47384 0 358
0.69587  0.484235 0 359
0.703379  0.494742 0 360
0.710889  0.505363 0 361
0.718398  0.516096 0 362
0.725907  0.526942 0 363
0.733417  0.5379 0 364
0.740926  0.548972 0 365
0.748436  0.560156 0 366
0.755945  0.571453 0 367
0.763454  0.582862 0 368
0.770964  0.594385 0 369
0.778473  0.60602 0 370
0.785982  0.617768 0 371
0.793492  0.629629 0 372
0.801001  0.641603 0 373
0.808511  0.653689 0 374
0.81602  0.665889 0 375
0.823529  0.678201 0 376
0.831039  0.690625 0 377
0.838548  0.703163 0 378
0.846058  0.715813 0 379
0.853567  0.728577 0 380
0.861076  0.741452 0 381
0.868586  0.754441 0 382
0.876095  0.767543 0 383
0.883605  0.780757 0 384
0.891114  0.794084 0 385
0.898623  0.807524 0 386
0.906133  0.821076 0 387
0.913642  0.834742 0 388
0.921151  0.84852 0 389
0.928661  0.862411 0 390
0.93617  0.876415 0 391
0.94368  0.890531 0 392
0.951189  0.90476 0 393
0.958698  0.919103 0 394
0.966208  0.933557 0 395
0.973717  0.948125 0 396
0.981227  0.962806 0 397
0.988736  0.977599 0 398
0.996245  0.992505 0 399
1.00375  1.00752 0 400
1.01126  1.02266 0 401
1.01877  1.0379 0 402
1.02628  1.05326 0 403
1.03379  1.06873 0 404
1.0413  1.08431 0 405
1.04881  1.1 0 406
1.05632  1.11581 0 407
1.06383  1.13173 0 408
1.07134  1.14777 0 409
1.07885  1.16391 0 410
1.08636  1.18017 0 411
1.09387  1.19655 0 412
1.10138  1.21303 0 413
1.10889  1.22963 0 414
1.1164  1.24634 0 415
1.1239  1.26316 0 416
1.13141  1.2801 0 417
1.13892  1.29715 0 418
1.14643  1.31431 0 419
1.15394  1.33158 0 420
1.16145  1.34897 0 421
1.16896  1.36647 0 422
1.17647  1.38408 0 423
1.18398  1.40181 0 424
1.19149  1.41965 0 425
1.199  1.4376 0 426
1.20651  1.45566 0 427
1.21402  1.47384 0 428
1.22153  1.49213 0 429
1.22904  1.51053 0 430
1.23655  1.52905 0 431
1.24406  1.54767 0 432
1.25156  1.56641 0 433
1.25907  1.58527 0 434
1.26658  1.60423 0 435
1.27409  1.62331 0 436
1.2816  1.6425 0 437
1.28911  1.66181 0 438
1.29662  1.68123 0 439
1.30413  1.70076 0 440
1.31164  1.7204 0 441
1.31915  1.74015 0 442
1.32666  1.76002 0 443
1.33417  1.78 0 444
1.34168  1.8001 0 445
1.34919  1.8203 0 446
1.3567  1.84062 0 447
1.36421  1.86106 0 448
1.37171  1.8816 0 449
1.37922  1.90226 0 450
1.38673  1.92303 0 451
1.39424  1.94391 0 452
1.40175  1.96491 0 453
1.40926  1.98602 0 454
1.41677  2.00724 0 455
1.42428  2.02857 0 456
1.43179  2.05002 0 457
1.4393  2.07158 0 458
1.44681  2.09325 0 459
1.45432  2.11504 0 460
1.46183  2.13694 0 461
1.46934  2.15895 0 462
1.47685  2.18107 0 463
1.48436  2.20331 0 464
1.49186  2.22566 0 465
1.49937  2.24812 0 466
1.50688  2.2707 0 467
1.51439  2.29339 0 468
1.5219  2.31619 0 469
1.52941  2.3391 0 470
1.53692  2.36213 0 471
1.54443  2.38527 0 472
1.55194  2.40852 0 473
1.55945  2.43188 0 474
1.56696  2.45536 0 475
1.57447  2.47895 0 476
1.58198  2.50265 0 477
1.58949  2.52647 0 478
1.597  2.5504 0 479
1.60451  2.57444 0 480
1.61202  2.59859 0 481
1.61952  2.62286 0 482
1.62703  2.64724 0 483
1.63454  2.67173 0 484
1.64205  2.69634 0 485
1.64956  2.72105 0 486
1.65707  2.74589 0 487
1.66458  2.77083 0 488
1.67209  2.79589 0 489
1.6796  2.82105 0 490
1.68711  2.84634 0 491
1.69462  2.87173 0 492
1.70213  2.89724 0 493
1.70964  2.92286 0 494
1.71715  2.94859 0 495
1.72466  2.97444 0 496
1.73217  3.0004 0 497
1.73967  3.02647 0 498
1.74718  3.05265 0 499
1.75469  3.07895 0 500
1.7622  3.10536 0 501
1.76971  3.13188 0 502
1.77722  3.15852 0 503
1.78473  3.18526 0 504
1.79224  3.21213 0 505
1.79975  3.2391 0 506
1.80726  3.26619 0 507
1.81477  3.29338 0 508
1.82228  3.3207 0 509
1.82979  3.34812 0 510
1.8373  3.37566 0 511
1.84481  3.40331 0 512
1.85232  3.43107 0 513
1.85982  3.45895 0 514
1.86733  3.48694 0 515
1.87484  3.51504 0 516
1.88235  3.54325 0 517
1.88986  3.57158 0 518
1.89737  3.60002 0 519
1.90488  3.62857 0 520
1.91239  3.65724 0 521
1.9199  3.68602 0 522
1.92741  3.71491 0 523
1.93492  3.74391 0 524
1.94243  3.77303 0 525
1.94994  3.80226 0 526
1.95745  3.8316 0 527
1.96496  3.86105 0 528
1.97247  3.89062 0 529
1.97997  3.9203 0 530
1.98748  3.95009 0 531
1.99499  3.98 0 532
2.0025  4.01002 0 533
2.01001  4.04015 0 534
2.01752  4.07039 0 535
2.02503  4.10075 0 536
2.03254  4.13122 0 537
2.04005  4.1618 0 538
2.04756  4.1925 0 539
2.05507  4.22331 0 540
2.06258  4.25423 0 541
2.07009  4.28526 0 542
2.0776  4.31641 0 543
2.08511  4.34767 0 544
2.09262  4.37904 0 545
2.10013  4.41053 0 546
2.10763  4.44212 0 547
2.11514  4.47383 0 548
2.12265  4.50566 0 549
2.13016  4.53759 0 550
2.13767  4.56964 0 551
2.14518  4.6018 0 552
2.15269  4.63408 0 553
2.1602  4.66647 0 554
2.16771  4.69897 0 555
2.17522  4.73158 0 556
2.18273  4.7643 0 557
2.19024  4.79714 0 558
2.19775  4.83009 0 559
2.20526  4.86316 0 560
2.21277  4.89633 0 561
2.22028  4.92962 0 562
2.22778  4.96302 0 563
2.23529  4.99654 0 564
2.2428  5.03017 0 565
2.25031  5.06391 0 566
2.25782  5.09776 0 567
2.26533  5.13173 0 568
2.27284  5.16581 0 569
2.28035  5.2 0 570
2.28786  5.2343 0 571
2.29537  5.26872 0 572
2.30288  5.30325 0 573
2.31039  5.33789 0 574
2.3179  5.37265 0 575
2.32541  5.40752 0 576
2.33292  5.4425 0 577
2.34043  5.47759 0 578
2.34793  5.5128 0 579
2.35544  5.54812 0 580
2.36295  5.58355 0 581
2.37046  5.6191 0 582
2.37797  5.65475 0 583
2.38548  5.69052 0 584
2.39299  5.72641 0 585
2.4005  5.7624 0 586
2.40801  5.79851 0 587
2.41552  5.83473 0 588
2.42303  5.87107 0 589
2.43054  5.90752 0 590
2.43805  5.94408 0 591
2.44556  5.98075 0 592
2.45307  6.01753 0 593
2.46058  6.05443 0 594
2.46809  6.09144 0 595
2.47559  6.12857 0 596
2.4831  6.1658 0 597
2.49061  6.20315 0 598
2.49812  6.24062 0 599
2.50563  6.27819 0 600
2.51314  6.31588 0 601
2.52065  6.35368 0 602
2.52816  6.39159 0 603
2.53567  6.42962 0 604
2.54318  6.46776 0 605
2.55069  6.50601 0 606
2.5582  6.54438 0 607
2.56571  6.58285 0 608
2.57322  6.62144 0 609
2.58073  6.66015 0 610
2.58824  6.69896 0 611
2.59574  6.73789 0 612
2.60325  6.77693 0 613
2.61076  6.81609 0 614
2.61827  6.85535 0 615
2.62578  6.89473 0 616
2.63329  6.93422 0 617
2.6408  6.97383 0 618
2.64831  7.01355 0 619
2.65582  7.05338 0 620
2.66333  7.09332 0 621
2.67084  7.13338 0 622
2.67835  7.17355 0 623
2.68586  7.21383 0 624
2.69337  7.25422 0 625
2.70088  7.29473 0 626
2.70839  7.33535 0 627
2.71589  7.37608 0 628
2.7234  7.41693 0 629
2.73091  7.45789 0 630
2.73842  7.49896 0 631
2.74593  7.54014 0 632
2.75344  7.58144 0 633
2.76095  7.62285 0 634
2.76846  7.66437 0 635
2.77597  7.70601 0 636
2.78348  7.74776 0 637
2.79099  7.78962 0 638
2.7985  7.83159 0 639
2.80601  7.87368 0 640
2.81352  7.91588 0 641
2.82103  7.95819 0 642
2.82854  8.00061 0 643
2.83605  8.04315 0 644
2.84355  8.0858 0 645
2.85106  8.12856 0 646
2.85857  8.17144 0 647
2.86608  8.21443 0 648
2.87359  8.25753 0 649
2.8811  8.30075 0 650
2.88861  8.34407 0 651
2.89612  8.38751 0 652
2.90363  8.43106 0 653
2.91114  8.47473 0 654
2.91865  8.51851 0 655
2.92616  8.5624 0 656
2.93367  8.6064 0 657
2.94118  8.65052 0 658
2.94869  8.69475 0 659
2.9562  8.73909 0 660
2.9637  8.78355 0 661
2.97121  8.82811 0 662
2.97872  8.87279 0 663
2.98623  8.91759 0 664
2.99374  8.96249 0 665
3.00125  9.00751 0 666
3.00876  9.05264 0 667
3.01627  9.09789 0 668
3.02378  9.14324 0 669
3.03129  9.18871 0 670
3.0388  9.2343 0 671
3.04631  9.27999 0 672
3.05382  9.3258 0 673
3.06133  9.37172 0 674
3.06884  9.41775 0 675
3.07635  9.4639 0 676
3.08385  9.51016 0 677
3.09136  9.55653 0 678
3.09887  9.60302 0 679
3.10638  9.64962 0 680
3.11389  9.69633 0 681
3.1214  9.74315 0 682
3.12891  9.79008 0 683
3.13642  9.83713 0 684
3.14393  9.8843 0 685
3.15144  9.93157 0 686
3.15895  9.97896 0 687
3.16646  10.0265 0 688
3.17397  10.0741 0 689
3.18148  10.1218 0 690
3.18899  10.1696 0 691
3.1965  10.2176 0 692
3.20401  10.2656 0 693
3.21151  10.3138 0 694
3.21902  10.3621 0 695
3.22653  10.4105 0 696
3.23404  10.459 0 697
3.24155  10.5077 0 698
3.24906  10.5564 0 699
3.25657  10.6053 0 700
3.26408  10.6542 0 701
3.27159  10.7033 0 702
3.2791  10.7525 0 703
3.28661  10.8018 0 704
3.29412  10.8512 0 705
3.30163  10.9007 0 706
3.30914  10.9504 0 707
3.31665  11.0001 0 708
3.32416  11.05 0 709
3.33166  11.1 0 710
3.33917  11.1501 0 711
3.34668  11.2003 0 712
3.35419  11.2506 0 713
3.3617  11.301 0 714
3.36921  11.3516 0 715
3.37672  11.4022 0 716
3.38423  11.453 0 717
3.39174  11.5039 0 718
3.39925  11.5549 0 719
3.40676  11.606 0 720
3.41427  11.6572 0 721
3.42178  11.7086 0 722
3.42929  11.76 0 723
3.4368  11.8116 0 724
3.44431  11.8632 0 725
3.45181  11.915 0 726
3.45932  11.9669 0 727
3.46683  12.0189 0 728
3.47434  12.0711 0 729
3.48185  12.1233 0 730
3.48936  12.1756 0 731
3.49687  12.2281 0 732
3.50438  12.2807 0 733
3.51189  12.3334 0 734
3.5194  12.3862 0 735
3.52691  12.4391 0 736
3.53442  12.4921 0 737
3.54193  12.5452 0 738
3.54944  12.5985 0 739
3.55695  12.6519 0 740
3.56446  12.7053 0 741
3.57196  12.7589 0 742
3.57947  12.8126 0 743
3.58698  12.8665 0 744
3.59449  12.9204 0 745
3.602  12.9744 0 746
3.60951  13.0286 0 747
3.61702  13.0828 0 748
3.62453  13.1372 0 749
3.63204  13.1917 0 750
3.63955  13.2463 0 751
3.64706  13.301 0 752
3.65457  13.3559 0 753
3.66208  13.4108 0 754
3.66959  13.4659 0 755
3.6771  13.521 0 756
3.68461  13.5763 0 757
3.69212  13.6317 0 758
3.69962  13.6872 0 759
3.70713  13.7428 0 760
3.71464  13.7986 0 761
3.72215  13.8544 0 762
3.72966  13.9104 0 763
3.73717  13.9665 0 764
3.74468  14.0226 0 765
3.75219  14.0789 0 766
3.7597  14.1353 0 767
3.76721  14.1919 0 768
3.77472  14.2485 0 769
3.78223  14.3052 0 770
3.78974  14.3621 0 771
3.79725  14.4191 0 772
3.80476  14.4762 0 773
3.81227  14.5334 0 774
3.81977  14.5907 0 775
3.82728  14.6481 0 776
3.83479  14.7056 0 777
3.8423  14.7633 0 778
3.84981  14.8211 0 779
3.85732  14.8789 0 780
3.86483  14.9369 0 781
3.87234  14.995 0 782
3.87985  15.0532 0 783
3.88736  15.1116 0 784
3.89487  15.17 0 785
3.90238  15.2286 0 786
3.90989  15.2872 0 787
3.9174  15.346 0 788
3.92491  15.4049 0 789
3.93242  15.4639 0 790
3.93992  15.523 0 791
3.94743  15.5822 0 792
3.95494  15.6416 0 793
3.96245  15.701 0 794
3.96996  15.7606 0 795
3.97747  15.8203 0 796
3.98498  15.8801 0 797
3.99249  15.94 0 798
4  16 0 799