2014	1924	178	5
1	0.039476	41.000740
2	29.815870	41.695580
3	29.818940	0.308985
4	0.039476	0.999260
5	0.016942	40.231799
6	0.005728	39.462609
7	0.003238	38.693340
8	0.001413	37.924069
9	0.000620	37.154795
10	0.000281	36.385521
11	0.000096	35.616246
12	0.000034	34.846970
13	0.000008	34.077695
14	0.000001	33.308419
15	-0.000000	32.539143
16	-0.000000	31.769867
17	-0.000000	31.000591
18	-0.000000	30.231315
19	-0.000000	29.462039
20	-0.000000	28.692763
21	-0.000000	27.923487
22	-0.000000	27.154211
23	-0.000000	26.384935
24	-0.000000	25.615659
25	-0.000000	24.846383
26	-0.000000	24.077107
27	-0.000000	23.307831
28	-0.000000	22.538555
29	-0.000000	21.769279
30	-0.000000	21.000002
31	-0.000000	20.230726
32	-0.000000	19.461450
33	-0.000000	18.692174
34	-0.000000	17.922898
35	-0.000000	17.153622
36	-0.000000	16.384346
37	-0.000000	15.615070
38	-0.000000	14.845794
39	-0.000000	14.076518
40	-0.000000	13.307242
41	-0.000000	12.537966
42	-0.000000	11.768690
43	-0.000000	10.999414
44	-0.000000	10.230138
45	0.000000	9.460861
46	0.000001	8.691585
47	0.000009	7.922309
48	0.000034	7.153033
49	0.000096	6.383757
50	0.000282	5.614482
51	0.000620	4.845208
52	0.001417	4.075934
53	0.003238	3.306663
54	0.005751	2.537394
55	0.016922	1.768202
56	0.843532	0.945561
57	1.647587	0.891862
58	2.451640	0.838164
59	3.255692	0.784465
60	4.059742	0.730766
61	4.863791	0.677068
62	5.667838	0.623370
63	6.471886	0.569672
64	7.275932	0.515973
65	8.079979	0.462275
66	8.884025	0.408576
67	9.688071	0.354878
68	10.492105	0.301181
69	11.296116	0.247485
70	12.100102	0.193791
71	12.904067	0.140097
72	13.708022	0.086406
73	14.511977	0.032707
74	15.317313	0.006757
75	16.122903	0.023553
76	16.928507	0.040342
77	17.734124	0.057131
78	18.539752	0.073921
79	19.345389	0.090711
80	20.151034	0.107501
81	20.956683	0.124291
82	21.762337	0.141082
83	22.567993	0.157871
84	23.373652	0.174662
85	24.179311	0.191452
86	24.984972	0.208243
87	25.790632	0.225033
88	26.596294	0.241823
89	27.401955	0.258614
90	28.207617	0.275404
91	29.013278	0.292195
92	29.962985	40.913627
93	29.986877	40.118185
94	29.994184	39.322273
95	29.997394	38.526194
96	29.998822	37.729987
97	29.999489	36.933680
98	29.999801	36.137294
99	29.999920	35.340850
100	29.999971	34.544364
101	29.999986	33.747849
102	29.999990	32.951313
103	29.999990	32.154763
104	29.999990	31.358205
105	29.999990	30.561640
106	29.999990	29.765072
107	29.999990	28.968501
108	29.999990	28.171929
109	29.999990	27.375355
110	29.999990	26.578781
111	29.999990	25.782207
112	29.999990	24.985633
113	29.999990	24.189058
114	29.999990	23.392484
115	29.999990	22.595909
116	29.999990	21.799334
117	29.999990	21.002760
118	29.999990	20.206185
119	29.999990	19.409610
120	29.999990	18.613035
121	29.999990	17.816461
122	29.999990	17.019886
123	29.999990	16.223311
124	29.999990	15.426736
125	29.999990	14.630162
126	29.999990	13.833587
127	29.999990	13.037012
128	29.999990	12.240437
129	29.999990	11.443863
130	29.999990	10.647288
131	29.999990	9.850713
132	29.999990	9.054138
133	29.999986	8.257564
134	29.999971	7.460989
135	29.999921	6.664414
136	29.999793	5.867841
137	29.999492	5.071325
138	29.998829	4.274949
139	29.997403	3.478767
140	29.994215	2.682785
141	29.986933	1.886973
142	29.963305	1.091552
143	0.843436	41.054432
144	1.647397	41.108125
145	2.451357	41.161819
146	3.255318	41.215510
147	4.059278	41.269202
148	4.863239	41.322898
149	5.667199	41.376587
150	6.471160	41.430280
151	7.275120	41.483977
152	8.079081	41.537664
153	8.883041	41.591359
154	9.687002	41.645049
155	10.490951	41.698741
156	11.294877	41.752435
157	12.098778	41.806119
158	12.902658	41.859809
159	13.706529	41.913493
160	14.510399	41.967185
161	15.315643	41.993373
162	16.121153	41.976824
163	16.926678	41.960285
164	17.732214	41.943736
165	18.537762	41.927197
166	19.343320	41.910650
167	20.148884	41.894108
168	20.954454	41.877568
169	21.760027	41.861019
170	22.565603	41.844479
171	23.371181	41.827930
172	24.176760	41.811390
173	24.982341	41.794850
174	25.787924	41.778302
175	26.593510	41.761760
176	27.399098	41.745219
177	28.204688	41.728670
178	29.010279	41.712130
179	0.829652	40.283453
180	1.638211	40.335178
181	2.445133	40.386926
182	3.251385	40.438682
183	4.057354	40.490440
184	4.863204	40.542201
185	5.669004	40.593961
186	6.474783	40.645722
187	7.280553	40.697483
188	8.086320	40.749242
189	8.892085	40.801003
190	9.697850	40.852763
191	10.503609	40.904517
192	11.309357	40.956183
193	12.115100	41.007353
194	12.920875	41.056899
195	13.726754	41.102592
196	14.532879	41.140350
197	15.339593	41.160505
198	16.146639	41.159974
199	16.953842	41.151148
200	17.761127	41.138614
201	18.568456	41.124344
202	19.375810	41.109254
203	20.183176	41.093787
204	20.990551	41.078148
205	21.797930	41.062432
206	22.605311	41.046685
207	23.412694	41.030924
208	24.220078	41.015159
209	25.027463	40.999391
210	25.834889	40.983622
211	26.642688	40.967879
212	27.452118	40.952270
213	28.266614	40.937116
214	29.095064	40.923312
215	0.820431	39.512340
216	1.631152	39.562105
217	2.439998	39.611888
218	3.247964	39.661679
219	4.055521	39.711474
220	4.862891	39.761270
221	5.670176	39.811066
222	6.477425	39.860863
223	7.284657	39.910660
224	8.091883	39.960456
225	8.899106	40.010253
226	9.706328	40.060049
227	10.513548	40.109830
228	11.320764	40.159430
229	12.127994	40.208130
230	12.935288	40.254149
231	13.742734	40.294530
232	14.550447	40.325534
233	15.358536	40.343245
234	16.166924	40.347389
235	16.975505	40.342777
236	17.784204	40.333138
237	18.592968	40.320787
238	19.401770	40.307040
239	20.210590	40.292604
240	21.019421	40.277842
241	21.828256	40.262930
242	22.637095	40.247951
243	23.445935	40.232944
244	24.254776	40.217926
245	25.063618	40.202902
246	25.872529	40.187876
247	26.681977	40.172881
248	27.493485	40.158034
249	28.310442	40.143613
250	29.138873	40.130111
251	0.815693	38.741119
252	1.626567	38.788902
253	2.436268	38.836691
254	3.245275	38.884484
255	4.053911	38.932280
256	4.862359	38.980076
257	5.670715	39.027874
258	6.479028	39.075671
259	7.287322	39.123469
260	8.095607	39.171266
261	8.903889	39.219063
262	9.712169	39.266861
263	10.520447	39.314635
264	11.328728	39.362163
265	12.137034	39.408554
266	12.945421	39.451753
267	13.753979	39.488699
268	14.562795	39.516291
269	15.371920	39.532582
270	16.181319	39.538049
271	16.990917	39.535434
272	17.800646	39.527586
273	18.610453	39.516654
274	19.420304	39.504026
275	20.230179	39.490518
276	21.040066	39.476573
277	21.849959	39.462422
278	22.659856	39.448175
279	23.469754	39.433887
280	24.279652	39.419580
281	25.089552	39.405265
282	25.899520	39.390945
283	26.709971	39.376647
284	27.522123	39.362451
285	28.338301	39.348520
286	29.161624	39.335063
287	0.813002	37.969837
288	1.623726	38.015601
289	2.433759	38.061365
290	3.243328	38.107131
291	4.052620	38.152898
292	4.861760	38.198666
293	5.670820	38.244434
294	6.479840	38.290202
295	7.288841	38.335970
296	8.097833	38.381738
297	8.906821	38.427507
298	9.715808	38.473275
299	10.524794	38.519015
300	11.333785	38.564475
301	12.142807	38.608696
302	12.951919	38.649552
303	13.761207	38.684066
304	14.570748	38.709558
305	15.380575	38.724809
306	16.190661	38.730528
307	17.000946	38.728820
308	17.811367	38.722038
309	18.621870	38.712116
310	19.432423	38.700393
311	20.243001	38.687699
312	21.053594	38.674508
313	21.864193	38.661073
314	22.674795	38.647523
315	23.485400	38.633921
316	24.296005	38.620296
317	25.106610	38.606659
318	25.917268	38.593017
319	26.728272	38.579384
320	27.540427	38.565803
321	28.355125	38.552353
322	29.173918	38.539114
323	0.811546	37.198517
324	1.622047	37.242235
325	2.432168	37.285952
326	3.242009	37.329668
327	4.051668	37.373385
328	4.861218	37.417102
329	5.670707	37.460819
330	6.480164	37.504536
331	7.289606	37.548254
332	8.099039	37.591971
333	8.908469	37.635688
334	9.717897	37.679405
335	10.527324	37.723092
336	11.336759	37.766489
337	12.146227	37.808624
338	12.955790	37.847402
339	13.765530	37.879971
340	14.575521	37.903910
341	15.385790	37.918298
342	16.196310	37.923915
343	17.007028	37.922621
344	17.817882	37.916503
345	18.628822	37.907325
346	19.439812	37.896348
347	20.250830	37.884376
348	21.061863	37.871882
349	21.872903	37.859127
350	22.683947	37.846245
351	23.494993	37.833305
352	24.306040	37.820338
353	25.117087	37.807359
354	25.928167	37.794373
355	26.739463	37.781386
356	27.551453	37.768420
357	28.364917	37.755504
358	29.180638	37.742663
359	0.810781	36.427178
360	1.621093	36.468832
361	2.431209	36.510485
362	3.241168	36.552137
363	4.051016	36.593789
364	4.860793	36.635442
365	5.670528	36.677094
366	6.480241	36.718746
367	7.289941	36.760399
368	8.099635	36.802051
369	8.909326	36.843703
370	9.719015	36.885355
371	10.528705	36.926977
372	11.338402	36.968311
373	12.148134	37.008405
374	12.957962	37.045234
375	13.767969	37.076084
376	14.578225	37.098709
377	15.388756	37.112326
378	16.199536	37.117723
379	17.010511	37.116631
380	17.821623	37.110975
381	18.632821	37.102388
382	19.444071	37.092053
383	20.255350	37.080739
384	21.066644	37.068903
385	21.877945	37.056800
386	22.689250	37.044567
387	23.500558	37.032272
388	24.311866	37.019948
389	25.123174	37.007612
390	25.934502	36.995268
391	26.745953	36.982919
392	27.557791	36.970573
393	28.370439	36.958238
394	29.184302	36.945915
395	0.810379	35.655828
396	1.620567	35.695409
397	2.430655	35.734989
398	3.240658	35.774568
399	4.050597	35.814147
400	4.860493	35.853726
401	5.670363	35.893305
402	6.480217	35.932884
403	7.290062	35.972463
404	8.099903	36.012042
405	8.909742	36.051621
406	9.719580	36.091200
407	10.529417	36.130749
408	11.339263	36.170018
409	12.149145	36.208092
410	12.959123	36.243034
411	13.769280	36.272265
412	14.579687	36.293680
413	15.390366	36.306574
414	16.201293	36.311716
415	17.012415	36.310741
416	17.823673	36.305449
417	18.635019	36.297371
418	19.446416	36.287620
419	20.257842	36.276924
420	21.069284	36.265718
421	21.880733	36.254251
422	22.692187	36.242653
423	23.503642	36.230992
424	24.315098	36.219303
425	25.126555	36.207600
426	25.938022	36.195889
427	26.749555	36.184174
428	27.561294	36.172453
429	28.373461	36.160726
430	29.186273	36.148987
431	0.810181	34.884474
432	1.620288	34.921976
433	2.430348	34.959477
434	3.240362	34.996978
435	4.050342	35.034480
436	4.860298	35.071981
437	5.670237	35.109482
438	6.480167	35.146983
439	7.290091	35.184483
440	8.100012	35.221984
441	8.909931	35.259485
442	9.719849	35.296986
443	10.529768	35.334458
444	11.339695	35.371662
445	12.149658	35.407725
446	12.959718	35.440804
447	13.769957	35.468461
448	14.580446	35.488712
449	15.391206	35.500908
450	16.202214	35.505788
451	17.013417	35.504894
452	17.824755	35.499922
453	18.636181	35.492313
454	19.447658	35.483114
455	20.259165	35.473013
456	21.070687	35.462423
457	21.882218	35.451579
458	22.693752	35.440608
459	23.505288	35.429576
460	24.316826	35.418515
461	25.128363	35.407440
462	25.939906	35.396359
463	26.751483	35.385272
464	27.563166	35.374178
465	28.375069	35.363074
466	29.187306	35.351950
467	0.810085	34.113116
468	1.620146	34.148537
469	2.430183	34.183958
470	3.240199	34.219379
471	4.050196	34.254799
472	4.860179	34.290220
473	5.670153	34.325640
474	6.480122	34.361061
475	7.290086	34.396481
476	8.100049	34.431901
477	8.910011	34.467321
478	9.719972	34.502741
479	10.529933	34.538134
480	11.339903	34.573272
481	12.149909	34.607326
482	12.960012	34.638554
483	13.770295	34.664655
484	14.580827	34.683763
485	15.391631	34.695274
486	16.202681	34.699889
487	17.013926	34.699064
488	17.825307	34.694395
489	18.636776	34.687235
490	19.448296	34.678573
491	20.259845	34.669054
492	21.071410	34.659070
493	21.882983	34.648843
494	22.694560	34.638495
495	23.506140	34.628088
496	24.317720	34.617652
497	25.129300	34.607203
498	25.940883	34.596747
499	26.752484	34.586287
500	27.564138	34.575821
501	28.375903	34.565344
502	29.187838	34.554848
503	0.810041	33.341758
504	1.620075	33.375097
505	2.430099	33.408436
506	3.240112	33.441774
507	4.050115	33.475113
508	4.860111	33.508451
509	5.670102	33.541790
510	6.480089	33.575128
511	7.290075	33.608467
512	8.100059	33.641805
513	8.910042	33.675143
514	9.720025	33.708482
515	10.530009	33.741794
516	11.340001	33.774865
517	12.150029	33.806912
518	12.960154	33.836293
519	13.770459	33.860845
520	14.581013	33.878819
521	15.391839	33.889651
522	16.202912	33.894003
523	17.014179	33.893242
524	17.825582	33.888866
525	18.637072	33.882148
526	19.448614	33.874014
527	20.260185	33.865071
528	21.071772	33.855689
529	21.883368	33.846076
530	22.694967	33.836348
531	23.506568	33.826563
532	24.318170	33.816751
533	25.129772	33.806926
534	25.941376	33.797095
535	26.752989	33.787260
536	27.564629	33.777420
537	28.376325	33.767571
538	29.188105	33.757707
539	0.810022	32.570399
540	1.620042	32.601655
541	2.430058	32.632911
542	3.240068	32.664168
543	4.050073	32.695424
544	4.860074	32.726680
545	5.670073	32.757936
546	6.480069	32.789192
547	7.290065	32.820447
548	8.100059	32.851703
549	8.910054	32.882959
550	9.720048	32.914215
551	10.530042	32.945446
552	11.340045	32.976450
553	12.150085	33.006490
554	12.960221	33.034026
555	13.770537	33.057032
556	14.581102	33.073874
557	15.391939	33.084031
558	16.203023	33.088120
559	17.014301	33.087422
560	17.825715	33.083338
561	18.637216	33.077057
562	19.448770	33.069447
563	20.260352	33.061078
564	21.071950	33.052294
565	21.883556	33.043294
566	22.695166	33.034184
567	23.506778	33.025020
568	24.318391	33.015831
569	25.130005	33.006629
570	25.941619	32.997422
571	26.753239	32.988211
572	27.564872	32.978997
573	28.376533	32.969776
574	29.188236	32.960543
575	0.810014	31.799040
576	1.620027	31.828213
577	2.430038	31.857387
578	3.240046	31.886560
579	4.050052	31.915733
580	4.860055	31.944906
581	5.670057	31.974079
582	6.480058	32.003252
583	7.290058	32.032425
584	8.100058	32.061598
585	8.910057	32.090771
586	9.720057	32.119944
587	10.530057	32.149094
588	11.340065	32.178030
589	12.150110	32.206064
590	12.960252	32.231755
591	13.770574	32.253216
592	14.581145	32.268930
593	15.391987	32.278411
594	16.203077	32.282238
595	17.014360	32.281603
596	17.825779	32.277809
597	18.637286	32.271964
598	19.448844	32.264877
599	20.260432	32.257079
600	21.072035	32.248894
601	21.883647	32.240504
602	22.695262	32.232012
603	23.506880	32.223469
604	24.318498	32.214902
605	25.130117	32.206324
606	25.941737	32.197740
607	26.753359	32.189153
608	27.564989	32.180563
609	28.376634	32.171968
610	29.188300	32.163365
611	0.810011	31.027681
612	1.620021	31.054771
613	2.430029	31.081861
614	3.240036	31.108952
615	4.050042	31.136042
616	4.860046	31.163132
617	5.670049	31.190222
618	6.480052	31.217312
619	7.290055	31.244402
620	8.100057	31.271492
621	8.910059	31.298582
622	9.720061	31.325672
623	10.530064	31.352741
624	11.340075	31.379609
625	12.150122	31.405636
626	12.960267	31.429482
627	13.770591	31.449400
628	14.581165	31.463984
629	15.392010	31.472791
630	16.203102	31.476357
631	17.014388	31.475784
632	17.825810	31.472279
633	18.637319	31.466870
634	19.448880	31.460305
635	20.260470	31.453079
636	21.072076	31.445490
637	21.883690	31.437712
638	22.695308	31.429837
639	23.506928	31.421915
640	24.318549	31.413970
641	25.130170	31.406014
642	25.941793	31.398053
643	26.753417	31.390090
644	27.565045	31.382124
645	28.376682	31.374154
646	29.188330	31.366179
647	0.810009	30.256322
648	1.620018	30.281329
649	2.430026	30.306336
650	3.240032	30.331343
651	4.050037	30.356350
652	4.860042	30.381357
653	5.670046	30.406365
654	6.480050	30.431372
655	7.290053	30.456379
656	8.100057	30.481386
657	8.910060	30.506393
658	9.720063	30.531400
659	10.530067	30.556386
660	11.340080	30.581187
661	12.150128	30.605207
662	12.960274	30.627209
663	13.770600	30.645583
664	14.581174	30.659039
665	15.392021	30.667172
666	16.203114	30.670475
667	17.014401	30.669965
668	17.825824	30.666750
669	18.637334	30.661775
670	19.448897	30.655733
671	20.260488	30.649077
672	21.072095	30.642085
673	21.883710	30.634918
674	22.695330	30.627660
675	23.506951	30.620358
676	24.318573	30.613035
677	25.130196	30.605702
678	25.941819	30.598364
679	26.753444	30.591024
680	27.565072	30.583682
681	28.376705	30.576337
682	29.188344	30.568989
683	0.810009	29.484963
684	1.620017	29.507887
685	2.430024	29.530811
686	3.240031	29.553735
687	4.050036	29.576659
688	4.860041	29.599583
689	5.670045	29.622507
690	6.480049	29.645431
691	7.290053	29.668355
692	8.100057	29.691279
693	8.910061	29.714203
694	9.720065	29.737127
695	10.530069	29.760032
696	11.340082	29.782765
697	12.150132	29.804777
698	12.960278	29.824935
699	13.770605	29.841765
700	14.581180	29.854093
701	15.392026	29.861552
702	16.203120	29.864594
703	17.014408	29.864146
704	17.825832	29.861220
705	18.637342	29.856681
706	19.448905	29.851160
707	20.260497	29.845075
708	21.072105	29.838680
709	21.883720	29.832123
710	22.695340	29.825482
711	23.506962	29.818801
712	24.318585	29.812100
713	25.130208	29.805389
714	25.941831	29.798675
715	26.753456	29.791957
716	27.565084	29.785239
717	28.376716	29.778518
718	29.188351	29.771795
719	0.810009	28.713604
720	1.620017	28.734445
721	2.430024	28.755285
722	3.240030	28.776126
723	4.050036	28.796967
724	4.860041	28.817808
725	5.670045	28.838649
726	6.480049	28.859490
727	7.290054	28.880331
728	8.100058	28.901172
729	8.910062	28.922013
730	9.720066	28.942853
731	10.530071	28.963677
732	11.340084	28.984342
733	12.150134	29.004348
734	12.960281	29.022662
735	13.770607	29.037948
736	14.581183	29.049147
737	15.392030	29.055932
738	16.203124	29.058713
739	17.014412	29.058327
740	17.825836	29.055691
741	18.637347	29.051586
742	19.448910	29.046587
743	20.260502	29.041073
744	21.072110	29.035275
745	21.883726	29.029328
746	22.695346	29.023305
747	23.506968	29.017244
748	24.318590	29.011164
749	25.130214	29.005076
750	25.941838	28.998984
751	26.753463	28.992890
752	27.565090	28.986795
753	28.376721	28.980698
754	29.188354	28.974600
755	0.810009	27.942245
756	1.620018	27.961002
757	2.430025	27.979760
758	3.240031	27.998518
759	4.050036	28.017276
760	4.860041	28.036034
761	5.670046	28.054791
762	6.480050	28.073549
763	7.290055	28.092307
764	8.100059	28.111065
765	8.910063	28.129822
766	9.720067	28.148580
767	10.530072	28.167322
768	11.340086	28.185920
769	12.150136	28.203919
770	12.960283	28.220388
771	13.770610	28.234130
772	14.581185	28.244201
773	15.392032	28.250312
774	16.203126	28.252831
775	17.014415	28.252508
776	17.825838	28.250161
777	18.637350	28.246491
778	19.448913	28.242014
779	20.260505	28.237070
780	21.072113	28.231870
781	21.883729	28.226533
782	22.695349	28.221127
783	23.506971	28.215686
784	24.318594	28.210229
785	25.130217	28.204763
786	25.941841	28.199294
787	26.753466	28.193823
788	27.565093	28.188351
789	28.376723	28.182878
790	29.188356	28.177403
791	0.810010	27.170885
792	1.620018	27.187560
793	2.430025	27.204235
794	3.240032	27.220909
795	4.050037	27.237584
796	4.860042	27.254259
797	5.670047	27.270934
798	6.480051	27.287608
799	7.290056	27.304283
800	8.100060	27.320958
801	8.910064	27.337632
802	9.720069	27.354307
803	10.530074	27.370967
804	11.340087	27.387497
805	12.150137	27.403489
806	12.960284	27.418114
807	13.770611	27.430312
808	14.581187	27.439255
809	15.392034	27.444691
810	16.203128	27.446950
811	17.014417	27.446689
812	17.825841	27.444631
813	18.637352	27.441397
814	19.448915	27.437441
815	20.260507	27.433068
816	21.072115	27.428464
817	21.883731	27.423738
818	22.695351	27.418949
819	23.506973	27.414128
820	24.318596	27.409293
821	25.130219	27.404450
822	25.941843	27.399604
823	26.753468	27.394756
824	27.565095	27.389907
825	28.376725	27.385057
826	29.188357	27.380206
827	0.810010	26.399526
828	1.620019	26.414118
829	2.430026	26.428709
830	3.240033	26.443301
831	4.050038	26.457892
832	4.860043	26.472484
833	5.670048	26.487076
834	6.480052	26.501667
835	7.290057	26.516259
836	8.100061	26.530851
837	8.910066	26.545442
838	9.720070	26.560034
839	10.530075	26.574612
840	11.340089	26.589075
841	12.150139	26.603060
842	12.960286	26.615840
843	13.770613	26.626495
844	14.581189	26.634309
845	15.392036	26.639071
846	16.203130	26.641068
847	17.014418	26.640869
848	17.825842	26.639102
849	18.637353	26.636302
850	19.448916	26.632868
851	20.260509	26.629066
852	21.072116	26.625059
853	21.883732	26.620943
854	22.695352	26.616770
855	23.506974	26.612570
856	24.318597	26.608357
857	25.130221	26.604137
858	25.941845	26.599913
859	26.753470	26.595689
860	27.565096	26.591463
861	28.376726	26.587236
862	29.188358	26.583009
863	0.810010	25.628167
864	1.620019	25.640675
865	2.430027	25.653184
866	3.240033	25.665692
867	4.050039	25.678201
868	4.860044	25.690709
869	5.670049	25.703218
870	6.480054	25.715727
871	7.290058	25.728235
872	8.100063	25.740743
873	8.910067	25.753252
874	9.720072	25.765760
875	10.530077	25.778257
876	11.340090	25.790652
877	12.150141	25.802630
878	12.960288	25.813566
879	13.770615	25.822677
880	14.581190	25.829363
881	15.392038	25.833451
882	16.203132	25.835186
883	17.014420	25.835050
884	17.825844	25.833572
885	18.637355	25.831207
886	19.448918	25.828295
887	20.260510	25.825063
888	21.072118	25.821653
889	21.883734	25.818147
890	22.695354	25.814592
891	23.506976	25.811013
892	24.318599	25.807421
893	25.130222	25.803823
894	25.941846	25.800223
895	26.753471	25.796621
896	27.565097	25.793019
897	28.376727	25.789415
898	29.188358	25.785811
899	0.810011	24.856808
900	1.620020	24.867233
901	2.430028	24.877658
902	3.240034	24.888084
903	4.050040	24.898509
904	4.860045	24.908935
905	5.670050	24.919360
906	6.480055	24.929786
907	7.290059	24.940211
908	8.100064	24.950636
909	8.910068	24.961062
910	9.720073	24.971487
911	10.530078	24.981902
912	11.340092	24.992229
913	12.150142	25.002201
914	12.960289	25.011292
915	13.770616	25.018859
916	14.581192	25.024417
917	15.392039	25.027831
918	16.203134	25.029305
919	17.014422	25.029231
920	17.825846	25.028042
921	18.637357	25.026113
922	19.448919	25.023722
923	20.260512	25.021061
924	21.072119	25.018248
925	21.883735	25.015352
926	22.695355	25.012414
927	23.506977	25.009455
928	24.318600	25.006485
929	25.130223	25.003510
930	25.941847	25.000533
931	26.753472	24.997554
932	27.565098	24.994574
933	28.376727	24.991594
934	29.188358	24.988614
935	0.810011	24.085449
936	1.620021	24.093791
937	2.430029	24.102133
938	3.240035	24.110475
939	4.050041	24.118818
940	4.860046	24.127160
941	5.670051	24.135502
942	6.480056	24.143845
943	7.290061	24.152187
944	8.100065	24.160529
945	8.910070	24.168872
946	9.720074	24.177214
947	10.530080	24.185547
948	11.340094	24.193807
949	12.150144	24.201771
950	12.960291	24.209018
951	13.770618	24.215041
952	14.581194	24.219471
953	15.392041	24.222211
954	16.203135	24.223423
955	17.014423	24.223412
956	17.825847	24.222513
957	18.637358	24.221018
958	19.448921	24.219149
959	20.260513	24.217059
960	21.072121	24.214842
961	21.883737	24.212557
962	22.695357	24.210236
963	23.506978	24.207897
964	24.318601	24.205549
965	25.130224	24.203197
966	25.941848	24.200842
967	26.753473	24.198487
968	27.565099	24.196130
969	28.376728	24.193773
970	29.188359	24.191416
971	0.810011	23.314090
972	1.620021	23.320349
973	2.430029	23.326608
974	3.240036	23.332867
975	4.050042	23.339126
976	4.860048	23.345385
977	5.670053	23.351645
978	6.480057	23.357904
979	7.290062	23.364163
980	8.100067	23.370422
981	8.910071	23.376681
982	9.720076	23.382941
983	10.530081	23.389193
984	11.340095	23.395384
985	12.150145	23.401342
986	12.960292	23.406744
987	13.770620	23.411224
988	14.581195	23.414525
989	15.392043	23.416591
990	16.203137	23.417542
991	17.014425	23.417593
992	17.825849	23.416983
993	18.637360	23.415923
994	19.448922	23.414576
995	20.260514	23.413056
996	21.072122	23.411436
997	21.883738	23.409762
998	22.695358	23.408058
999	23.506980	23.406339
1000	24.318602	23.404613
1001	25.130226	23.402883
1002	25.941849	23.401152
1003	26.753474	23.399419
1004	27.565100	23.397686
1005	28.376729	23.395952
1006	29.188359	23.394218
1007	0.810012	22.542730
1008	1.620022	22.546906
1009	2.430030	22.551082
1010	3.240037	22.555258
1011	4.050043	22.559434
1012	4.860049	22.563611
1013	5.670054	22.567787
1014	6.480059	22.571963
1015	7.290063	22.576139
1016	8.100068	22.580315
1017	8.910073	22.584491
1018	9.720077	22.588667
1019	10.530083	22.592838
1020	11.340097	22.596961
1021	12.150147	22.600912
1022	12.960294	22.604470
1023	13.770621	22.607406
1024	14.581197	22.609579
1025	15.392044	22.610971
1026	16.203139	22.611660
1027	17.014427	22.611774
1028	17.825850	22.611454
1029	18.637361	22.610829
1030	19.448924	22.610003
1031	20.260516	22.609054
1032	21.072124	22.608031
1033	21.883739	22.606967
1034	22.695359	22.605880
1035	23.506981	22.604782
1036	24.318604	22.603677
1037	25.130227	22.602570
1038	25.941850	22.601461
1039	26.753475	22.600352
1040	27.565101	22.599242
1041	28.376729	22.598131
1042	29.188359	22.597020
1043	0.810012	21.771371
1044	1.620022	21.773464
1045	2.430031	21.775557
1046	3.240038	21.777650
1047	4.050044	21.779743
1048	4.860050	21.781836
1049	5.670055	21.783929
1050	6.480060	21.786022
1051	7.290065	21.788115
1052	8.100069	21.790208
1053	8.910074	21.792301
1054	9.720079	21.794394
1055	10.530084	21.796483
1056	11.340098	21.798539
1057	12.150148	21.800483
1058	12.960296	21.802196
1059	13.770623	21.803588
1060	14.581199	21.804632
1061	15.392046	21.805351
1062	16.203140	21.805779
1063	17.014428	21.805955
1064	17.825852	21.805924
1065	18.637363	21.805734
1066	19.448925	21.805430
1067	20.260517	21.805051
1068	21.072125	21.804625
1069	21.883741	21.804172
1070	22.695360	21.803702
1071	23.506982	21.803224
1072	24.318605	21.802742
1073	25.130228	21.802257
1074	25.941851	21.801771
1075	26.753476	21.801284
1076	27.565102	21.800797
1077	28.376730	21.800310
1078	29.188360	21.799822
1079	0.810012	21.000012
1080	1.620023	21.000022
1081	2.430032	21.000031
1082	3.240039	21.000041
1083	4.050045	21.000051
1084	4.860051	21.000061
1085	5.670056	21.000071
1086	6.480061	21.000081
1087	7.290066	21.000091
1088	8.100071	21.000101
1089	8.910075	21.000111
1090	9.720080	21.000121
1091	10.530086	21.000128
1092	11.340100	21.000116
1093	12.150150	21.000053
1094	12.960297	20.999923
1095	13.770624	20.999771
1096	14.581200	20.999686
1097	15.392048	20.999731
1098	16.203142	20.999897
1099	17.014430	21.000136
1100	17.825854	21.000394
1101	18.637364	21.000639
1102	19.448927	21.000857
1103	20.260519	21.001049
1104	21.072126	21.001220
1105	21.883742	21.001376
1106	22.695362	21.001524
1107	23.506983	21.001666
1108	24.318606	21.001806
1109	25.130229	21.001944
1110	25.941852	21.002081
1111	26.753477	21.002217
1112	27.565103	21.002353
1113	28.376730	21.002489
1114	29.188360	21.002624
1115	0.810013	20.228653
1116	1.620024	20.226579
1117	2.430033	20.224506
1118	3.240040	20.222433
1119	4.050046	20.220360
1120	4.860052	20.218286
1121	5.670057	20.216213
1122	6.480062	20.214140
1123	7.290067	20.212067
1124	8.100072	20.209994
1125	8.910077	20.207921
1126	9.720081	20.205847
1127	10.530087	20.203773
1128	11.340101	20.201694
1129	12.150151	20.199624
1130	12.960299	20.197649
1131	13.770626	20.195953
1132	14.581202	20.194740
1133	15.392049	20.194111
1134	16.203144	20.194016
1135	17.014431	20.194317
1136	17.825855	20.194865
1137	18.637366	20.195544
1138	19.448928	20.196284
1139	20.260520	20.197047
1140	21.072128	20.197814
1141	21.883743	20.198581
1142	22.695363	20.199346
1143	23.506985	20.200108
1144	24.318607	20.200870
1145	25.130230	20.201630
1146	25.941853	20.202390
1147	26.753478	20.203150
1148	27.565103	20.203909
1149	28.376731	20.204668
1150	29.188360	20.205426
1151	0.810013	19.457294
1152	1.620024	19.453137
1153	2.430033	19.448981
1154	3.240041	19.444824
1155	4.050048	19.440668
1156	4.860053	19.436512
1157	5.670059	19.432356
1158	6.480064	19.428199
1159	7.290068	19.424043
1160	8.100073	19.419887
1161	8.910078	19.415730
1162	9.720083	19.411574
1163	10.530089	19.407418
1164	11.340103	19.403271
1165	12.150153	19.399194
1166	12.960300	19.395375
1167	13.770628	19.392135
1168	14.581203	19.389794
1169	15.392051	19.388491
1170	16.203145	19.388134
1171	17.014433	19.388498
1172	17.825857	19.389335
1173	18.637367	19.390450
1174	19.448930	19.391711
1175	20.260522	19.393044
1176	21.072129	19.394409
1177	21.883745	19.395786
1178	22.695364	19.397168
1179	23.506986	19.398551
1180	24.318608	19.399934
1181	25.130231	19.401317
1182	25.941855	19.402700
1183	26.753479	19.404082
1184	27.565104	19.405465
1185	28.376732	19.406847
1186	29.188361	19.408228
1187	0.810013	18.685934
1188	1.620025	18.679695
1189	2.430034	18.673455
1190	3.240042	18.667216
1191	4.050049	18.660976
1192	4.860054	18.654737
1193	5.670060	18.648498
1194	6.480065	18.642258
1195	7.290070	18.636019
1196	8.100075	18.629780
1197	8.910080	18.623540
1198	9.720084	18.617301
1199	10.530090	18.611063
1200	11.340104	18.604848
1201	12.150154	18.598765
1202	12.960302	18.593101
1203	13.770629	18.588317
1204	14.581205	18.584848
1205	15.392053	18.582871
1206	16.203147	18.582253
1207	17.014435	18.582679
1208	17.825858	18.583805
1209	18.637369	18.585355
1210	19.448931	18.587139
1211	20.260523	18.589042
1212	21.072131	18.591003
1213	21.883746	18.592991
1214	22.695366	18.594990
1215	23.506987	18.596993
1216	24.318609	18.598998
1217	25.130232	18.601004
1218	25.941856	18.603009
1219	26.753480	18.605015
1220	27.565105	18.607020
1221	28.376732	18.609026
1222	29.188361	18.611030
1223	0.810014	17.914575
1224	1.620025	17.906252
1225	2.430035	17.897930
1226	3.240043	17.889607
1227	4.050050	17.881285
1228	4.860056	17.872962
1229	5.670061	17.864640
1230	6.480066	17.856318
1231	7.290071	17.847995
1232	8.100076	17.839673
1233	8.910081	17.831350
1234	9.720086	17.823028
1235	10.530092	17.814708
1236	11.340106	17.806426
1237	12.150156	17.798335
1238	12.960304	17.790827
1239	13.770631	17.784500
1240	14.581207	17.779902
1241	15.392054	17.777251
1242	16.203148	17.776371
1243	17.014436	17.776860
1244	17.825860	17.778276
1245	18.637370	17.780260
1246	19.448933	17.782566
1247	20.260525	17.785040
1248	21.072132	17.787598
1249	21.883747	17.790196
1250	22.695367	17.792812
1251	23.506988	17.795435
1252	24.318611	17.798062
1253	25.130233	17.800690
1254	25.941857	17.803319
1255	26.753481	17.805948
1256	27.565106	17.808576
1257	28.376733	17.811204
1258	29.188361	17.813833
1259	0.810014	17.143216
1260	1.620026	17.132810
1261	2.430036	17.122404
1262	3.240044	17.111999
1263	4.050051	17.101593
1264	4.860057	17.091188
1265	5.670062	17.080782
1266	6.480067	17.070377
1267	7.290072	17.059971
1268	8.100077	17.049566
1269	8.910082	17.039160
1270	9.720087	17.028754
1271	10.530093	17.018353
1272	11.340107	17.008003
1273	12.150158	16.997906
1274	12.960305	16.988553
1275	13.770633	16.980682
1276	14.581208	16.974956
1277	15.392056	16.971631
1278	16.203150	16.970490
1279	17.014438	16.971041
1280	17.825861	16.972746
1281	18.637372	16.975166
1282	19.448934	16.977993
1283	20.260526	16.981037
1284	21.072133	16.984192
1285	21.883749	16.987401
1286	22.695368	16.990633
1287	23.506990	16.993877
1288	24.318612	16.997126
1289	25.130235	17.000377
1290	25.941858	17.003628
1291	26.753482	17.006880
1292	27.565107	17.010132
1293	28.376733	17.013383
1294	29.188362	17.016635
1295	0.810014	16.371857
1296	1.620027	16.359368
1297	2.430037	16.346879
1298	3.240045	16.334390
1299	4.050052	16.321902
1300	4.860058	16.309413
1301	5.670063	16.296924
1302	6.480069	16.284436
1303	7.290074	16.271947
1304	8.100079	16.259458
1305	8.910084	16.246970
1306	9.720089	16.234481
1307	10.530094	16.221998
1308	11.340109	16.209581
1309	12.150159	16.197476
1310	12.960307	16.186279
1311	13.770634	16.176864
1312	14.581210	16.170010
1313	15.392058	16.166010
1314	16.203152	16.164608
1315	17.014439	16.165222
1316	17.825863	16.167217
1317	18.637373	16.170071
1318	19.448936	16.173420
1319	20.260527	16.177035
1320	21.072135	16.180787
1321	21.883750	16.184605
1322	22.695369	16.188455
1323	23.506991	16.192320
1324	24.318613	16.196190
1325	25.130236	16.200064
1326	25.941859	16.203938
1327	26.753483	16.207813
1328	27.565108	16.211688
1329	28.376734	16.215562
1330	29.188362	16.219437
1331	0.810015	15.600498
1332	1.620027	15.585926
1333	2.430037	15.571354
1334	3.240046	15.556782
1335	4.050053	15.542210
1336	4.860059	15.527638
1337	5.670064	15.513067
1338	6.480070	15.498495
1339	7.290075	15.483923
1340	8.100080	15.469351
1341	8.910085	15.454780
1342	9.720090	15.440208
1343	10.530096	15.425644
1344	11.340110	15.411158
1345	12.150161	15.397047
1346	12.960308	15.384005
1347	13.770636	15.373046
1348	14.581212	15.365064
1349	15.392059	15.360390
1350	16.203153	15.358727
1351	17.014441	15.359402
1352	17.825865	15.361687
1353	18.637375	15.364976
1354	19.448937	15.368847
1355	20.260529	15.373033
1356	21.072136	15.377381
1357	21.883751	15.381810
1358	22.695371	15.386277
1359	23.506992	15.390762
1360	24.318614	15.395254
1361	25.130237	15.399750
1362	25.941860	15.404248
1363	26.753484	15.408745
1364	27.565108	15.413243
1365	28.376735	15.417741
1366	29.188362	15.422239
1367	0.810015	14.829139
1368	1.620028	14.812483
1369	2.430038	14.795828
1370	3.240047	14.779173
1371	4.050054	14.762518
1372	4.860060	14.745864
1373	5.670066	14.729209
1374	6.480071	14.712554
1375	7.290076	14.695899
1376	8.100081	14.679244
1377	8.910086	14.662589
1378	9.720091	14.645935
1379	10.530097	14.629289
1380	11.340112	14.612735
1381	12.150162	14.596617
1382	12.960310	14.581731
1383	13.770637	14.569229
1384	14.581213	14.560118
1385	15.392061	14.554770
1386	16.203155	14.552845
1387	17.014443	14.553583
1388	17.825866	14.556157
1389	18.637377	14.559882
1390	19.448939	14.564274
1391	20.260530	14.569030
1392	21.072137	14.573976
1393	21.883753	14.579015
1394	22.695372	14.584099
1395	23.506993	14.589204
1396	24.318615	14.594319
1397	25.130238	14.599437
1398	25.941861	14.604557
1399	26.753485	14.609678
1400	27.565109	14.614799
1401	28.376735	14.619920
1402	29.188362	14.625041
1403	0.810015	14.057779
1404	1.620028	14.039041
1405	2.430039	14.020303
1406	3.240048	14.001565
1407	4.050055	13.982827
1408	4.860061	13.964089
1409	5.670067	13.945351
1410	6.480072	13.926613
1411	7.290078	13.907875
1412	8.100083	13.889137
1413	8.910088	13.870399
1414	9.720093	13.851661
1415	10.530099	13.832934
1416	11.340113	13.814313
1417	12.150164	13.796188
1418	12.960312	13.779457
1419	13.770639	13.765411
1420	14.581215	13.755172
1421	15.392063	13.749150
1422	16.203157	13.746964
1423	17.014444	13.747764
1424	17.825868	13.750628
1425	18.637378	13.754787
1426	19.448940	13.759701
1427	20.260532	13.765028
1428	21.072139	13.770570
1429	21.883754	13.776220
1430	22.695373	13.781921
1431	23.506994	13.787646
1432	24.318617	13.793383
1433	25.130239	13.799124
1434	25.941862	13.804867
1435	26.753486	13.810611
1436	27.565110	13.816355
1437	28.376736	13.822099
1438	29.188363	13.827843
1439	0.810016	13.286420
1440	1.620029	13.265599
1441	2.430040	13.244777
1442	3.240049	13.223956
1443	4.050056	13.203135
1444	4.860062	13.182314
1445	5.670068	13.161493
1446	6.480074	13.140672
1447	7.290079	13.119851
1448	8.100084	13.099030
1449	8.910089	13.078209
1450	9.720094	13.057388
1451	10.530100	13.036579
1452	11.340115	13.015890
1453	12.150165	12.995758
1454	12.960313	12.977183
1455	13.770641	12.961593
1456	14.581217	12.950226
1457	15.392064	12.943530
1458	16.203158	12.941082
1459	17.014446	12.941945
1460	17.825869	12.945098
1461	18.637380	12.949692
1462	19.448942	12.955128
1463	20.260533	12.961026
1464	21.072140	12.967165
1465	21.883755	12.973425
1466	22.695375	12.979743
1467	23.506996	12.986089
1468	24.318618	12.992447
1469	25.130240	12.998810
1470	25.941863	13.005176
1471	26.753486	13.011543
1472	27.565111	13.017911
1473	28.376736	13.024278
1474	29.188363	13.030645
1475	0.810016	12.515061
1476	1.620030	12.492156
1477	2.430041	12.469252
1478	3.240050	12.446348
1479	4.050057	12.423444
1480	4.860063	12.400539
1481	5.670069	12.377635
1482	6.480075	12.354731
1483	7.290080	12.331827
1484	8.100085	12.308923
1485	8.910091	12.286019
1486	9.720096	12.263115
1487	10.530102	12.240224
1488	11.340116	12.217468
1489	12.150167	12.195329
1490	12.960315	12.174910
1491	13.770642	12.157776
1492	14.581218	12.145280
1493	15.392066	12.137910
1494	16.203160	12.135201
1495	17.014448	12.136126
1496	17.825871	12.139568
1497	18.637381	12.144597
1498	19.448943	12.150555
1499	20.260535	12.157023
1500	21.072142	12.163759
1501	21.883757	12.170630
1502	22.695376	12.177565
1503	23.506997	12.184531
1504	24.318619	12.191511
1505	25.130241	12.198497
1506	25.941864	12.205486
1507	26.753487	12.212476
1508	27.565112	12.219466
1509	28.376737	12.226457
1510	29.188363	12.233447
1511	0.810016	11.743702
1512	1.620030	11.718714
1513	2.430042	11.693727
1514	3.240051	11.668739
1515	4.050058	11.643752
1516	4.860065	11.618765
1517	5.670071	11.593778
1518	6.480076	11.568790
1519	7.290081	11.543803
1520	8.100087	11.518816
1521	8.910092	11.493829
1522	9.720097	11.468842
1523	10.530103	11.443869
1524	11.340118	11.419045
1525	12.150168	11.394899
1526	12.960316	11.372636
1527	13.770644	11.353958
1528	14.581220	11.340334
1529	15.392067	11.332290
1530	16.203161	11.329319
1531	17.014449	11.330307
1532	17.825872	11.334039
1533	18.637382	11.339503
1534	19.448945	11.345982
1535	20.260536	11.353021
1536	21.072143	11.360354
1537	21.883758	11.367834
1538	22.695377	11.375387
1539	23.506998	11.382973
1540	24.318620	11.390575
1541	25.130242	11.398184
1542	25.941865	11.405796
1543	26.753488	11.413409
1544	27.565112	11.421022
1545	28.376737	11.428636
1546	29.188363	11.436249
1547	0.810017	10.972343
1548	1.620031	10.945272
1549	2.430043	10.918201
1550	3.240052	10.891131
1551	4.050060	10.864060
1552	4.860066	10.836990
1553	5.670072	10.809920
1554	6.480078	10.782849
1555	7.290083	10.755779
1556	8.100088	10.728709
1557	8.910093	10.701639
1558	9.720099	10.674568
1559	10.530105	10.647514
1560	11.340119	10.620622
1561	12.150170	10.594470
1562	12.960318	10.570362
1563	13.770645	10.550140
1564	14.581221	10.535388
1565	15.392069	10.526670
1566	16.203163	10.523438
1567	17.014450	10.524488
1568	17.825873	10.528509
1569	18.637383	10.534408
1570	19.448945	10.541409
1571	20.260536	10.549019
1572	21.072143	10.556948
1573	21.883758	10.565039
1574	22.695377	10.573209
1575	23.506998	10.581415
1576	24.318620	10.589639
1577	25.130242	10.597871
1578	25.941865	10.606105
1579	26.753488	10.614341
1580	27.565112	10.622578
1581	28.376737	10.630815
1582	29.188363	10.639051
1583	0.810018	10.200983
1584	1.620033	10.171829
1585	2.430045	10.142676
1586	3.240055	10.113522
1587	4.050062	10.084369
1588	4.860069	10.055215
1589	5.670075	10.026062
1590	6.480080	9.996909
1591	7.290085	9.967755
1592	8.100090	9.938602
1593	8.910095	9.909448
1594	9.720100	9.880295
1595	10.530106	9.851159
1596	11.340120	9.822200
1597	12.150171	9.794040
1598	12.960319	9.768088
1599	13.770646	9.746322
1600	14.581222	9.730441
1601	15.392069	9.721050
1602	16.203163	9.717556
1603	17.014450	9.718669
1604	17.825873	9.722980
1605	18.637383	9.729313
1606	19.448944	9.736836
1607	20.260535	9.745016
1608	21.072142	9.753543
1609	21.883756	9.762244
1610	22.695375	9.771031
1611	23.506996	9.779858
1612	24.318617	9.788703
1613	25.130239	9.797557
1614	25.941861	9.806415
1615	26.753484	9.815274
1616	27.565108	9.824134
1617	28.376733	9.832993
1618	29.188360	9.841853
1619	0.810021	9.429624
1620	1.620039	9.398387
1621	2.430052	9.367150
1622	3.240061	9.335914
1623	4.050069	9.304677
1624	4.860075	9.273441
1625	5.670080	9.242204
1626	6.480085	9.210968
1627	7.290089	9.179731
1628	8.100094	9.148495
1629	8.910098	9.117258
1630	9.720102	9.086022
1631	10.530108	9.054804
1632	11.340121	9.023777
1633	12.150171	8.993611
1634	12.960318	8.965814
1635	13.770645	8.942505
1636	14.581220	8.925495
1637	15.392067	8.915430
1638	16.203160	8.911675
1639	17.014446	8.912850
1640	17.825868	8.917450
1641	18.637377	8.924219
1642	19.448938	8.932263
1643	20.260529	8.941014
1644	21.072134	8.950137
1645	21.883748	8.959449
1646	22.695366	8.968853
1647	23.506986	8.978300
1648	24.318607	8.987767
1649	25.130228	8.997244
1650	25.941850	9.006724
1651	26.753472	9.016207
1652	27.565095	9.025689
1653	28.376720	9.035172
1654	29.188351	9.044655
1655	0.810031	8.658265
1656	1.620053	8.624945
1657	2.430068	8.591625
1658	3.240078	8.558305
1659	4.050084	8.524985
1660	4.860089	8.491666
1661	5.670093	8.458346
1662	6.480096	8.425027
1663	7.290099	8.391707
1664	8.100101	8.358388
1665	8.910104	8.325068
1666	9.720106	8.291748
1667	10.530110	8.258449
1668	11.340122	8.225355
1669	12.150170	8.193181
1670	12.960315	8.163540
1671	13.770640	8.138687
1672	14.581213	8.120549
1673	15.392058	8.109810
1674	16.203149	8.105793
1675	17.014434	8.107031
1676	17.825855	8.111920
1677	18.637362	8.119124
1678	19.448921	8.127690
1679	20.260509	8.137012
1680	21.072113	8.146732
1681	21.883725	8.156654
1682	22.695341	8.166675
1683	23.506959	8.176742
1684	24.318578	8.186832
1685	25.130198	8.196931
1686	25.941817	8.207034
1687	26.753438	8.217139
1688	27.565059	8.227245
1689	28.376686	8.237351
1690	29.188326	8.247457
1691	0.810056	7.886906
1692	1.620088	7.851503
1693	2.430106	7.816100
1694	3.240116	7.780697
1695	4.050121	7.745294
1696	4.860122	7.709891
1697	5.670122	7.674489
1698	6.480121	7.639086
1699	7.290119	7.603683
1700	8.100118	7.568281
1701	8.910116	7.532878
1702	9.720115	7.497475
1703	10.530114	7.462095
1704	11.340121	7.426932
1705	12.150165	7.392752
1706	12.960306	7.361266
1707	13.770627	7.334869
1708	14.581196	7.315603
1709	15.392036	7.304190
1710	16.203123	7.299912
1711	17.014403	7.301212
1712	17.825819	7.306391
1713	18.637322	7.314029
1714	19.448877	7.323117
1715	20.260461	7.333009
1716	21.072061	7.343326
1717	21.883668	7.353859
1718	22.695280	7.364497
1719	23.506894	7.375184
1720	24.318508	7.385896
1721	25.130123	7.396617
1722	25.941739	7.407344
1723	26.753355	7.418072
1724	27.564974	7.428801
1725	28.376604	7.439530
1726	29.188263	7.450260
1727	0.810118	7.115547
1728	1.620169	7.078060
1729	2.430195	7.040574
1730	3.240203	7.003088
1731	4.050202	6.965602
1732	4.860196	6.928117
1733	5.670186	6.890631
1734	6.480176	6.853145
1735	7.290165	6.815659
1736	8.100154	6.778174
1737	8.910142	6.740688
1738	9.720131	6.703202
1739	10.530120	6.665740
1740	11.340117	6.628509
1741	12.150152	6.592322
1742	12.960283	6.558992
1743	13.770593	6.531052
1744	14.581153	6.510657
1745	15.391983	6.498570
1746	16.203060	6.494030
1747	17.014330	6.495393
1748	17.825737	6.500861
1749	18.637229	6.508935
1750	19.448774	6.518544
1751	20.260348	6.529007
1752	21.071938	6.539921
1753	21.883536	6.551064
1754	22.695137	6.562319
1755	23.506741	6.573627
1756	24.318346	6.584960
1757	25.129951	6.596304
1758	25.941556	6.607653
1759	26.753163	6.619005
1760	27.564775	6.630357
1761	28.376413	6.641709
1762	29.188112	6.653062
1763	0.810261	6.344188
1764	1.620351	6.304618
1765	2.430389	6.265049
1766	3.240393	6.225480
1767	4.050378	6.185911
1768	4.860353	6.146342
1769	5.670324	6.106774
1770	6.480291	6.067205
1771	7.290258	6.027636
1772	8.100225	5.988067
1773	8.910191	5.948498
1774	9.720157	5.908929
1775	10.530124	5.869386
1776	11.340099	5.830088
1777	12.150111	5.791893
1778	12.960220	5.756719
1779	13.770508	5.727235
1780	14.581045	5.705712
1781	15.391853	5.692951
1782	16.202908	5.688149
1783	17.014156	5.689575
1784	17.825539	5.695333
1785	18.637010	5.703841
1786	19.448532	5.713972
1787	20.260084	5.725006
1788	21.071651	5.736516
1789	21.883226	5.748270
1790	22.694805	5.760142
1791	23.506387	5.772070
1792	24.317969	5.784025
1793	25.129551	5.795992
1794	25.941134	5.807964
1795	26.752719	5.819939
1796	27.564318	5.831914
1797	28.375968	5.843890
1798	29.187756	5.855866
1799	0.810583	5.572830
1800	1.620750	5.531178
1801	2.430811	5.489526
1802	3.240801	5.447875
1803	4.050751	5.406224
1804	4.860681	5.364573
1805	5.670600	5.322922
1806	6.480514	5.281271
1807	7.290425	5.239619
1808	8.100336	5.197968
1809	8.910247	5.156317
1810	9.720157	5.114666
1811	10.530069	5.073041
1812	11.339988	5.031676
1813	12.149944	4.991476
1814	12.959997	4.954458
1815	13.770230	4.923431
1816	14.580710	4.900780
1817	15.391463	4.887345
1818	16.202462	4.882284
1819	17.013654	4.883772
1820	17.824982	4.889820
1821	18.636396	4.898764
1822	19.447863	4.909418
1823	20.259358	4.921023
1824	21.070870	4.933131
1825	21.882389	4.945496
1826	22.693912	4.957985
1827	23.505438	4.970535
1828	24.316964	4.983113
1829	25.128491	4.995703
1830	25.940018	5.008299
1831	26.751549	5.020897
1832	27.563109	5.033496
1833	28.374783	5.046096
1834	29.186783	5.058723
1835	0.811278	4.801477
1836	1.621616	4.757747
1837	2.431709	4.714019
1838	3.241644	4.670290
1839	4.051490	4.626562
1840	4.861289	4.582834
1841	5.671065	4.539105
1842	6.480831	4.495377
1843	7.290592	4.451648
1844	8.100351	4.407920
1845	8.910110	4.364191
1846	9.719868	4.320463
1847	10.529626	4.276762
1848	11.339394	4.233335
1849	12.149197	4.191134
1850	12.959098	4.152277
1851	13.769177	4.119712
1852	14.579505	4.095930
1853	15.390105	4.081808
1854	16.200951	4.076483
1855	17.011992	4.078045
1856	17.823167	4.084398
1857	18.634429	4.093792
1858	19.445743	4.104978
1859	20.257087	4.117162
1860	21.068445	4.129875
1861	21.879812	4.142856
1862	22.691183	4.155969
1863	23.502556	4.169145
1864	24.313929	4.182350
1865	25.125304	4.195569
1866	25.936679	4.208793
1867	26.748062	4.222020
1868	27.559509	4.235248
1869	28.371246	4.248500
1870	29.184072	4.261780
1871	0.812750	4.030143
1872	1.623361	3.984354
1873	2.433431	3.938566
1874	3.243166	3.892778
1875	4.052716	3.846989
1876	4.862173	3.801200
1877	5.671585	3.755411
1878	6.480977	3.709621
1879	7.290361	3.663832
1880	8.099741	3.618042
1881	8.909119	3.572253
1882	9.718496	3.526464
1883	10.527875	3.480704
1884	11.337261	3.435231
1885	12.146684	3.391045
1886	12.956202	3.350366
1887	13.765897	3.316232
1888	14.575840	3.291195
1889	15.386060	3.276286
1890	16.196529	3.270725
1891	17.007191	3.272455
1892	17.817988	3.279211
1893	18.628871	3.289130
1894	19.439804	3.300902
1895	20.250767	3.313702
1896	21.061744	3.327045
1897	21.872730	3.340663
1898	22.683720	3.354418
1899	23.494712	3.368238
1900	24.305705	3.382087
1901	25.116699	3.395951
1902	25.927693	3.409820
1903	26.738708	3.423693
1904	27.549892	3.437583
1905	28.362235	3.451469
1906	29.177612	3.465267
1907	0.815586	3.258856
1908	1.626458	3.211049
1909	2.436264	3.163237
1910	3.245461	3.115422
1911	4.054345	3.067606
1912	4.863078	3.019788
1913	5.671740	2.971971
1914	6.480371	2.924153
1915	7.288989	2.876335
1916	8.097600	2.828517
1917	8.906210	2.780700
1918	9.714818	2.732882
1919	10.523427	2.685095
1920	11.332044	2.637609
1921	12.140694	2.591471
1922	12.949433	2.548899
1923	13.758344	2.512832
1924	14.567504	2.485992
1925	15.376957	2.470040
1926	16.186669	2.464497
1927	16.996575	2.466806
1928	17.806611	2.474317
1929	18.616728	2.485003
1930	19.426894	2.497513
1931	20.237088	2.511024
1932	21.047296	2.525060
1933	21.857512	2.539364
1934	22.667733	2.553799
1935	23.477955	2.568298
1936	24.288179	2.582826
1937	25.098402	2.597367
1938	25.908629	2.611914
1939	26.718914	2.626474
1940	27.529986	2.641017
1941	28.344041	2.655412
1942	29.164556	2.669428
1943	0.820528	2.487650
1944	1.631356	2.437875
1945	2.440330	2.388083
1946	3.248435	2.338283
1947	4.056139	2.288481
1948	4.863660	2.238677
1949	5.671099	2.188873
1950	6.478501	2.139068
1951	7.285888	2.089263
1952	8.093269	2.039458
1953	8.900646	1.989654
1954	9.708023	1.939849
1955	10.515400	1.890076
1956	11.322780	1.840620
1957	12.130182	1.792450
1958	12.937660	1.747460
1959	13.745291	1.708291
1960	14.553176	1.678155
1961	15.361417	1.660690
1962	16.169940	1.656255
1963	16.978649	1.660322
1964	17.787476	1.669421
1965	18.596373	1.681383
1966	19.405312	1.694925
1967	20.214275	1.709317
1968	21.023252	1.724152
1969	21.832235	1.739212
1970	22.641223	1.754383
1971	23.450213	1.769608
1972	24.259204	1.784858
1973	25.068195	1.800120
1974	25.877195	1.815391
1975	26.686500	1.830655
1976	27.497460	1.845820
1977	28.313435	1.860621
1978	29.140532	1.874564
1979	0.829848	1.716552
1980	1.638562	1.664832
1981	2.445594	1.613087
1982	3.251920	1.561335
1983	4.057939	1.509579
1984	4.863823	1.457821
1985	5.669647	1.406064
1986	6.475446	1.354306
1987	7.281233	1.302548
1988	8.087015	1.250790
1989	8.892794	1.199033
1990	9.698573	1.147275
1991	10.504347	1.095551
1992	11.310113	1.044074
1993	12.115885	0.993457
1994	12.921698	0.944855
1995	13.727617	0.900175
1996	14.533772	0.863073
1997	15.340500	0.843080
1998	16.147545	0.843349
1999	16.954739	0.851734
2000	17.762015	0.863859
2001	18.569339	0.877861
2002	19.376691	0.892841
2003	20.184060	0.908334
2004	20.991440	0.924093
2005	21.798825	0.939987
2006	22.606214	0.955949
2007	23.413606	0.971945
2008	24.220998	0.987956
2009	25.028392	1.003975
2010	25.835836	1.019996
2011	26.643694	1.035993
2012	27.453248	1.051858
2013	28.267876	1.067279
2014	29.096248	1.081397
1	1	5	179	143
2	143	179	180	144
3	144	180	181	145
4	145	181	182	146
5	146	182	183	147
6	147	183	184	148
7	148	184	185	149
8	149	185	186	150
9	150	186	187	151
10	151	187	188	152
11	152	188	189	153
12	153	189	190	154
13	154	190	191	155
14	155	191	192	156
15	156	192	193	157
16	157	193	194	158
17	158	194	195	159
18	159	195	196	160
19	160	196	197	161
20	161	197	198	162
21	162	198	199	163
22	163	199	200	164
23	164	200	201	165
24	165	201	202	166
25	166	202	203	167
26	167	203	204	168
27	168	204	205	169
28	169	205	206	170
29	170	206	207	171
30	171	207	208	172
31	172	208	209	173
32	173	209	210	174
33	174	210	211	175
34	175	211	212	176
35	176	212	213	177
36	177	213	214	178
37	178	214	92	2
38	5	6	215	179
39	179	215	216	180
40	180	216	217	181
41	181	217	218	182
42	182	218	219	183
43	183	219	220	184
44	184	220	221	185
45	185	221	222	186
46	186	222	223	187
47	187	223	224	188
48	188	224	225	189
49	189	225	226	190
50	190	226	227	191
51	191	227	228	192
52	192	228	229	193
53	193	229	230	194
54	194	230	231	195
55	195	231	232	196
56	196	232	233	197
57	197	233	234	198
58	198	234	235	199
59	199	235	236	200
60	200	236	237	201
61	201	237	238	202
62	202	238	239	203
63	203	239	240	204
64	204	240	241	205
65	205	241	242	206
66	206	242	243	207
67	207	243	244	208
68	208	244	245	209
69	209	245	246	210
70	210	246	247	211
71	211	247	248	212
72	212	248	249	213
73	213	249	250	214
74	214	250	93	92
75	6	7	251	215
76	215	251	252	216
77	216	252	253	217
78	217	253	254	218
79	218	254	255	219
80	219	255	256	220
81	220	256	257	221
82	221	257	258	222
83	222	258	259	223
84	223	259	260	224
85	224	260	261	225
86	225	261	262	226
87	226	262	263	227
88	227	263	264	228
89	228	264	265	229
90	229	265	266	230
91	230	266	267	231
92	231	267	268	232
93	232	268	269	233
94	233	269	270	234
95	234	270	271	235
96	235	271	272	236
97	236	272	273	237
98	237	273	274	238
99	238	274	275	239
100	239	275	276	240
101	240	276	277	241
102	241	277	278	242
103	242	278	279	243
104	243	279	280	244
105	244	280	281	245
106	245	281	282	246
107	246	282	283	247
108	247	283	284	248
109	248	284	285	249
110	249	285	286	250
111	250	286	94	93
112	7	8	287	251
113	251	287	288	252
114	252	288	289	253
115	253	289	290	254
116	254	290	291	255
117	255	291	292	256
118	256	292	293	257
119	257	293	294	258
120	258	294	295	259
121	259	295	296	260
122	260	296	297	261
123	261	297	298	262
124	262	298	299	263
125	263	299	300	264
126	264	300	301	265
127	265	301	302	266
128	266	302	303	267
129	267	303	304	268
130	268	304	305	269
131	269	305	306	270
132	270	306	307	271
133	271	307	308	272
134	272	308	309	273
135	273	309	310	274
136	274	310	311	275
137	275	311	312	276
138	276	312	313	277
139	277	313	314	278
140	278	314	315	279
141	279	315	316	280
142	280	316	317	281
143	281	317	318	282
144	282	318	319	283
145	283	319	320	284
146	284	320	321	285
147	285	321	322	286
148	286	322	95	94
149	8	9	323	287
150	287	323	324	288
151	288	324	325	289
152	289	325	326	290
153	290	326	327	291
154	291	327	328	292
155	292	328	329	293
156	293	329	330	294
157	294	330	331	295
158	295	331	332	296
159	296	332	333	297
160	297	333	334	298
161	298	334	335	299
162	299	335	336	300
163	300	336	337	301
164	301	337	338	302
165	302	338	339	303
166	303	339	340	304
167	304	340	341	305
168	305	341	342	306
169	306	342	343	307
170	307	343	344	308
171	308	344	345	309
172	309	345	346	310
173	310	346	347	311
174	311	347	348	312
175	312	348	349	313
176	313	349	350	314
177	314	350	351	315
178	315	351	352	316
179	316	352	353	317
180	317	353	354	318
181	318	354	355	319
182	319	355	356	320
183	320	356	357	321
184	321	357	358	322
185	322	358	96	95
186	9	10	359	323
187	323	359	360	324
188	324	360	361	325
189	325	361	362	326
190	326	362	363	327
191	327	363	364	328
192	328	364	365	329
193	329	365	366	330
194	330	366	367	331
195	331	367	368	332
196	332	368	369	333
197	333	369	370	334
198	334	370	371	335
199	335	371	372	336
200	336	372	373	337
201	337	373	374	338
202	338	374	375	339
203	339	375	376	340
204	340	376	377	341
205	341	377	378	342
206	342	378	379	343
207	343	379	380	344
208	344	380	381	345
209	345	381	382	346
210	346	382	383	347
211	347	383	384	348
212	348	384	385	349
213	349	385	386	350
214	350	386	387	351
215	351	387	388	352
216	352	388	389	353
217	353	389	390	354
218	354	390	391	355
219	355	391	392	356
220	356	392	393	357
221	357	393	394	358
222	358	394	97	96
223	10	11	395	359
224	359	395	396	360
225	360	396	397	361
226	361	397	398	362
227	362	398	399	363
228	363	399	400	364
229	364	400	401	365
230	365	401	402	366
231	366	402	403	367
232	367	403	404	368
233	368	404	405	369
234	369	405	406	370
235	370	406	407	371
236	371	407	408	372
237	372	408	409	373
238	373	409	410	374
239	374	410	411	375
240	375	411	412	376
241	376	412	413	377
242	377	413	414	378
243	378	414	415	379
244	379	415	416	380
245	380	416	417	381
246	381	417	418	382
247	382	418	419	383
248	383	419	420	384
249	384	420	421	385
250	385	421	422	386
251	386	422	423	387
252	387	423	424	388
253	388	424	425	389
254	389	425	426	390
255	390	426	427	391
256	391	427	428	392
257	392	428	429	393
258	393	429	430	394
259	394	430	98	97
260	11	12	431	395
261	395	431	432	396
262	396	432	433	397
263	397	433	434	398
264	398	434	435	399
265	399	435	436	400
266	400	436	437	401
267	401	437	438	402
268	402	438	439	403
269	403	439	440	404
270	404	440	441	405
271	405	441	442	406
272	406	442	443	407
273	407	443	444	408
274	408	444	445	409
275	409	445	446	410
276	410	446	447	411
277	411	447	448	412
278	412	448	449	413
279	413	449	450	414
280	414	450	451	415
281	415	451	452	416
282	416	452	453	417
283	417	453	454	418
284	418	454	455	419
285	419	455	456	420
286	420	456	457	421
287	421	457	458	422
288	422	458	459	423
289	423	459	460	424
290	424	460	461	425
291	425	461	462	426
292	426	462	463	427
293	427	463	464	428
294	428	464	465	429
295	429	465	466	430
296	430	466	99	98
297	12	13	467	431
298	431	467	468	432
299	432	468	469	433
300	433	469	470	434
301	434	470	471	435
302	435	471	472	436
303	436	472	473	437
304	437	473	474	438
305	438	474	475	439
306	439	475	476	440
307	440	476	477	441
308	441	477	478	442
309	442	478	479	443
310	443	479	480	444
311	444	480	481	445
312	445	481	482	446
313	446	482	483	447
314	447	483	484	448
315	448	484	485	449
316	449	485	486	450
317	450	486	487	451
318	451	487	488	452
319	452	488	489	453
320	453	489	490	454
321	454	490	491	455
322	455	491	492	456
323	456	492	493	457
324	457	493	494	458
325	458	494	495	459
326	459	495	496	460
327	460	496	497	461
328	461	497	498	462
329	462	498	499	463
330	463	499	500	464
331	464	500	501	465
332	465	501	502	466
333	466	502	100	99
334	13	14	503	467
335	467	503	504	468
336	468	504	505	469
337	469	505	506	470
338	470	506	507	471
339	471	507	508	472
340	472	508	509	473
341	473	509	510	474
342	474	510	511	475
343	475	511	512	476
344	476	512	513	477
345	477	513	514	478
346	478	514	515	479
347	479	515	516	480
348	480	516	517	481
349	481	517	518	482
350	482	518	519	483
351	483	519	520	484
352	484	520	521	485
353	485	521	522	486
354	486	522	523	487
355	487	523	524	488
356	488	524	525	489
357	489	525	526	490
358	490	526	527	491
359	491	527	528	492
360	492	528	529	493
361	493	529	530	494
362	494	530	531	495
363	495	531	532	496
364	496	532	533	497
365	497	533	534	498
366	498	534	535	499
367	499	535	536	500
368	500	536	537	501
369	501	537	538	502
370	502	538	101	100
371	14	15	539	503
372	503	539	540	504
373	504	540	541	505
374	505	541	542	506
375	506	542	543	507
376	507	543	544	508
377	508	544	545	509
378	509	545	546	510
379	510	546	547	511
380	511	547	548	512
381	512	548	549	513
382	513	549	550	514
383	514	550	551	515
384	515	551	552	516
385	516	552	553	517
386	517	553	554	518
387	518	554	555	519
388	519	555	556	520
389	520	556	557	521
390	521	557	558	522
391	522	558	559	523
392	523	559	560	524
393	524	560	561	525
394	525	561	562	526
395	526	562	563	527
396	527	563	564	528
397	528	564	565	529
398	529	565	566	530
399	530	566	567	531
400	531	567	568	532
401	532	568	569	533
402	533	569	570	534
403	534	570	571	535
404	535	571	572	536
405	536	572	573	537
406	537	573	574	538
407	538	574	102	101
408	15	16	575	539
409	539	575	576	540
410	540	576	577	541
411	541	577	578	542
412	542	578	579	543
413	543	579	580	544
414	544	580	581	545
415	545	581	582	546
416	546	582	583	547
417	547	583	584	548
418	548	584	585	549
419	549	585	586	550
420	550	586	587	551
421	551	587	588	552
422	552	588	589	553
423	553	589	590	554
424	554	590	591	555
425	555	591	592	556
426	556	592	593	557
427	557	593	594	558
428	558	594	595	559
429	559	595	596	560
430	560	596	597	561
431	561	597	598	562
432	562	598	599	563
433	563	599	600	564
434	564	600	601	565
435	565	601	602	566
436	566	602	603	567
437	567	603	604	568
438	568	604	605	569
439	569	605	606	570
440	570	606	607	571
441	571	607	608	572
442	572	608	609	573
443	573	609	610	574
444	574	610	103	102
445	16	17	611	575
446	575	611	612	576
447	576	612	613	577
448	577	613	614	578
449	578	614	615	579
450	579	615	616	580
451	580	616	617	581
452	581	617	618	582
453	582	618	619	583
454	583	619	620	584
455	584	620	621	585
456	585	621	622	586
457	586	622	623	587
458	587	623	624	588
459	588	624	625	589
460	589	625	626	590
461	590	626	627	591
462	591	627	628	592
463	592	628	629	593
464	593	629	630	594
465	594	630	631	595
466	595	631	632	596
467	596	632	633	597
468	597	633	634	598
469	598	634	635	599
470	599	635	636	600
471	600	636	637	601
472	601	637	638	602
473	602	638	639	603
474	603	639	640	604
475	604	640	641	605
476	605	641	642	606
477	606	642	643	607
478	607	643	644	608
479	608	644	645	609
480	609	645	646	610
481	610	646	104	103
482	17	18	647	611
483	611	647	648	612
484	612	648	649	613
485	613	649	650	614
486	614	650	651	615
487	615	651	652	616
488	616	652	653	617
489	617	653	654	618
490	618	654	655	619
491	619	655	656	620
492	620	656	657	621
493	621	657	658	622
494	622	658	659	623
495	623	659	660	624
496	624	660	661	625
497	625	661	662	626
498	626	662	663	627
499	627	663	664	628
500	628	664	665	629
501	629	665	666	630
502	630	666	667	631
503	631	667	668	632
504	632	668	669	633
505	633	669	670	634
506	634	670	671	635
507	635	671	672	636
508	636	672	673	637
509	637	673	674	638
510	638	674	675	639
511	639	675	676	640
512	640	676	677	641
513	641	677	678	642
514	642	678	679	643
515	643	679	680	644
516	644	680	681	645
517	645	681	682	646
518	646	682	105	104
519	18	19	683	647
520	647	683	684	648
521	648	684	685	649
522	649	685	686	650
523	650	686	687	651
524	651	687	688	652
525	652	688	689	653
526	653	689	690	654
527	654	690	691	655
528	655	691	692	656
529	656	692	693	657
530	657	693	694	658
531	658	694	695	659
532	659	695	696	660
533	660	696	697	661
534	661	697	698	662
535	662	698	699	663
536	663	699	700	664
537	664	700	701	665
538	665	701	702	666
539	666	702	703	667
540	667	703	704	668
541	668	704	705	669
542	669	705	706	670
543	670	706	707	671
544	671	707	708	672
545	672	708	709	673
546	673	709	710	674
547	674	710	711	675
548	675	711	712	676
549	676	712	713	677
550	677	713	714	678
551	678	714	715	679
552	679	715	716	680
553	680	716	717	681
554	681	717	718	682
555	682	718	106	105
556	19	20	719	683
557	683	719	720	684
558	684	720	721	685
559	685	721	722	686
560	686	722	723	687
561	687	723	724	688
562	688	724	725	689
563	689	725	726	690
564	690	726	727	691
565	691	727	728	692
566	692	728	729	693
567	693	729	730	694
568	694	730	731	695
569	695	731	732	696
570	696	732	733	697
571	697	733	734	698
572	698	734	735	699
573	699	735	736	700
574	700	736	737	701
575	701	737	738	702
576	702	738	739	703
577	703	739	740	704
578	704	740	741	705
579	705	741	742	706
580	706	742	743	707
581	707	743	744	708
582	708	744	745	709
583	709	745	746	710
584	710	746	747	711
585	711	747	748	712
586	712	748	749	713
587	713	749	750	714
588	714	750	751	715
589	715	751	752	716
590	716	752	753	717
591	717	753	754	718
592	718	754	107	106
593	20	21	755	719
594	719	755	756	720
595	720	756	757	721
596	721	757	758	722
597	722	758	759	723
598	723	759	760	724
599	724	760	761	725
600	725	761	762	726
601	726	762	763	727
602	727	763	764	728
603	728	764	765	729
604	729	765	766	730
605	730	766	767	731
606	731	767	768	732
607	732	768	769	733
608	733	769	770	734
609	734	770	771	735
610	735	771	772	736
611	736	772	773	737
612	737	773	774	738
613	738	774	775	739
614	739	775	776	740
615	740	776	777	741
616	741	777	778	742
617	742	778	779	743
618	743	779	780	744
619	744	780	781	745
620	745	781	782	746
621	746	782	783	747
622	747	783	784	748
623	748	784	785	749
624	749	785	786	750
625	750	786	787	751
626	751	787	788	752
627	752	788	789	753
628	753	789	790	754
629	754	790	108	107
630	21	22	791	755
631	755	791	792	756
632	756	792	793	757
633	757	793	794	758
634	758	794	795	759
635	759	795	796	760
636	760	796	797	761
637	761	797	798	762
638	762	798	799	763
639	763	799	800	764
640	764	800	801	765
641	765	801	802	766
642	766	802	803	767
643	767	803	804	768
644	768	804	805	769
645	769	805	806	770
646	770	806	807	771
647	771	807	808	772
648	772	808	809	773
649	773	809	810	774
650	774	810	811	775
651	775	811	812	776
652	776	812	813	777
653	777	813	814	778
654	778	814	815	779
655	779	815	816	780
656	780	816	817	781
657	781	817	818	782
658	782	818	819	783
659	783	819	820	784
660	784	820	821	785
661	785	821	822	786
662	786	822	823	787
663	787	823	824	788
664	788	824	825	789
665	789	825	826	790
666	790	826	109	108
667	22	23	827	791
668	791	827	828	792
669	792	828	829	793
670	793	829	830	794
671	794	830	831	795
672	795	831	832	796
673	796	832	833	797
674	797	833	834	798
675	798	834	835	799
676	799	835	836	800
677	800	836	837	801
678	801	837	838	802
679	802	838	839	803
680	803	839	840	804
681	804	840	841	805
682	805	841	842	806
683	806	842	843	807
684	807	843	844	808
685	808	844	845	809
686	809	845	846	810
687	810	846	847	811
688	811	847	848	812
689	812	848	849	813
690	813	849	850	814
691	814	850	851	815
692	815	851	852	816
693	816	852	853	817
694	817	853	854	818
695	818	854	855	819
696	819	855	856	820
697	820	856	857	821
698	821	857	858	822
699	822	858	859	823
700	823	859	860	824
701	824	860	861	825
702	825	861	862	826
703	826	862	110	109
704	23	24	863	827
705	827	863	864	828
706	828	864	865	829
707	829	865	866	830
708	830	866	867	831
709	831	867	868	832
710	832	868	869	833
711	833	869	870	834
712	834	870	871	835
713	835	871	872	836
714	836	872	873	837
715	837	873	874	838
716	838	874	875	839
717	839	875	876	840
718	840	876	877	841
719	841	877	878	842
720	842	878	879	843
721	843	879	880	844
722	844	880	881	845
723	845	881	882	846
724	846	882	883	847
725	847	883	884	848
726	848	884	885	849
727	849	885	886	850
728	850	886	887	851
729	851	887	888	852
730	852	888	889	853
731	853	889	890	854
732	854	890	891	855
733	855	891	892	856
734	856	892	893	857
735	857	893	894	858
736	858	894	895	859
737	859	895	896	860
738	860	896	897	861
739	861	897	898	862
740	862	898	111	110
741	24	25	899	863
742	863	899	900	864
743	864	900	901	865
744	865	901	902	866
745	866	902	903	867
746	867	903	904	868
747	868	904	905	869
748	869	905	906	870
749	870	906	907	871
750	871	907	908	872
751	872	908	909	873
752	873	909	910	874
753	874	910	911	875
754	875	911	912	876
755	876	912	913	877
756	877	913	914	878
757	878	914	915	879
758	879	915	916	880
759	880	916	917	881
760	881	917	918	882
761	882	918	919	883
762	883	919	920	884
763	884	920	921	885
764	885	921	922	886
765	886	922	923	887
766	887	923	924	888
767	888	924	925	889
768	889	925	926	890
769	890	926	927	891
770	891	927	928	892
771	892	928	929	893
772	893	929	930	894
773	894	930	931	895
774	895	931	932	896
775	896	932	933	897
776	897	933	934	898
777	898	934	112	111
778	25	26	935	899
779	899	935	936	900
780	900	936	937	901
781	901	937	938	902
782	902	938	939	903
783	903	939	940	904
784	904	940	941	905
785	905	941	942	906
786	906	942	943	907
787	907	943	944	908
788	908	944	945	909
789	909	945	946	910
790	910	946	947	911
791	911	947	948	912
792	912	948	949	913
793	913	949	950	914
794	914	950	951	915
795	915	951	952	916
796	916	952	953	917
797	917	953	954	918
798	918	954	955	919
799	919	955	956	920
800	920	956	957	921
801	921	957	958	922
802	922	958	959	923
803	923	959	960	924
804	924	960	961	925
805	925	961	962	926
806	926	962	963	927
807	927	963	964	928
808	928	964	965	929
809	929	965	966	930
810	930	966	967	931
811	931	967	968	932
812	932	968	969	933
813	933	969	970	934
814	934	970	113	112
815	26	27	971	935
816	935	971	972	936
817	936	972	973	937
818	937	973	974	938
819	938	974	975	939
820	939	975	976	940
821	940	976	977	941
822	941	977	978	942
823	942	978	979	943
824	943	979	980	944
825	944	980	981	945
826	945	981	982	946
827	946	982	983	947
828	947	983	984	948
829	948	984	985	949
830	949	985	986	950
831	950	986	987	951
832	951	987	988	952
833	952	988	989	953
834	953	989	990	954
835	954	990	991	955
836	955	991	992	956
837	956	992	993	957
838	957	993	994	958
839	958	994	995	959
840	959	995	996	960
841	960	996	997	961
842	961	997	998	962
843	962	998	999	963
844	963	999	1000	964
845	964	1000	1001	965
846	965	1001	1002	966
847	966	1002	1003	967
848	967	1003	1004	968
849	968	1004	1005	969
850	969	1005	1006	970
851	970	1006	114	113
852	27	28	1007	971
853	971	1007	1008	972
854	972	1008	1009	973
855	973	1009	1010	974
856	974	1010	1011	975
857	975	1011	1012	976
858	976	1012	1013	977
859	977	1013	1014	978
860	978	1014	1015	979
861	979	1015	1016	980
862	980	1016	1017	981
863	981	1017	1018	982
864	982	1018	1019	983
865	983	1019	1020	984
866	984	1020	1021	985
867	985	1021	1022	986
868	986	1022	1023	987
869	987	1023	1024	988
870	988	1024	1025	989
871	989	1025	1026	990
872	990	1026	1027	991
873	991	1027	1028	992
874	992	1028	1029	993
875	993	1029	1030	994
876	994	1030	1031	995
877	995	1031	1032	996
878	996	1032	1033	997
879	997	1033	1034	998
880	998	1034	1035	999
881	999	1035	1036	1000
882	1000	1036	1037	1001
883	1001	1037	1038	1002
884	1002	1038	1039	1003
885	1003	1039	1040	1004
886	1004	1040	1041	1005
887	1005	1041	1042	1006
888	1006	1042	115	114
889	28	29	1043	1007
890	1007	1043	1044	1008
891	1008	1044	1045	1009
892	1009	1045	1046	1010
893	1010	1046	1047	1011
894	1011	1047	1048	1012
895	1012	1048	1049	1013
896	1013	1049	1050	1014
897	1014	1050	1051	1015
898	1015	1051	1052	1016
899	1016	1052	1053	1017
900	1017	1053	1054	1018
901	1018	1054	1055	1019
902	1019	1055	1056	1020
903	1020	1056	1057	1021
904	1021	1057	1058	1022
905	1022	1058	1059	1023
906	1023	1059	1060	1024
907	1024	1060	1061	1025
908	1025	1061	1062	1026
909	1026	1062	1063	1027
910	1027	1063	1064	1028
911	1028	1064	1065	1029
912	1029	1065	1066	1030
913	1030	1066	1067	1031
914	1031	1067	1068	1032
915	1032	1068	1069	1033
916	1033	1069	1070	1034
917	1034	1070	1071	1035
918	1035	1071	1072	1036
919	1036	1072	1073	1037
920	1037	1073	1074	1038
921	1038	1074	1075	1039
922	1039	1075	1076	1040
923	1040	1076	1077	1041
924	1041	1077	1078	1042
925	1042	1078	116	115
926	29	30	1079	1043
927	1043	1079	1080	1044
928	1044	1080	1081	1045
929	1045	1081	1082	1046
930	1046	1082	1083	1047
931	1047	1083	1084	1048
932	1048	1084	1085	1049
933	1049	1085	1086	1050
934	1050	1086	1087	1051
935	1051	1087	1088	1052
936	1052	1088	1089	1053
937	1053	1089	1090	1054
938	1054	1090	1091	1055
939	1055	1091	1092	1056
940	1056	1092	1093	1057
941	1057	1093	1094	1058
942	1058	1094	1095	1059
943	1059	1095	1096	1060
944	1060	1096	1097	1061
945	1061	1097	1098	1062
946	1062	1098	1099	1063
947	1063	1099	1100	1064
948	1064	1100	1101	1065
949	1065	1101	1102	1066
950	1066	1102	1103	1067
951	1067	1103	1104	1068
952	1068	1104	1105	1069
953	1069	1105	1106	1070
954	1070	1106	1107	1071
955	1071	1107	1108	1072
956	1072	1108	1109	1073
957	1073	1109	1110	1074
958	1074	1110	1111	1075
959	1075	1111	1112	1076
960	1076	1112	1113	1077
961	1077	1113	1114	1078
962	1078	1114	117	116
963	30	31	1115	1079
964	1079	1115	1116	1080
965	1080	1116	1117	1081
966	1081	1117	1118	1082
967	1082	1118	1119	1083
968	1083	1119	1120	1084
969	1084	1120	1121	1085
970	1085	1121	1122	1086
971	1086	1122	1123	1087
972	1087	1123	1124	1088
973	1088	1124	1125	1089
974	1089	1125	1126	1090
975	1090	1126	1127	1091
976	1091	1127	1128	1092
977	1092	1128	1129	1093
978	1093	1129	1130	1094
979	1094	1130	1131	1095
980	1095	1131	1132	1096
981	1096	1132	1133	1097
982	1097	1133	1134	1098
983	1098	1134	1135	1099
984	1099	1135	1136	1100
985	1100	1136	1137	1101
986	1101	1137	1138	1102
987	1102	1138	1139	1103
988	1103	1139	1140	1104
989	1104	1140	1141	1105
990	1105	1141	1142	1106
991	1106	1142	1143	1107
992	1107	1143	1144	1108
993	1108	1144	1145	1109
994	1109	1145	1146	1110
995	1110	1146	1147	1111
996	1111	1147	1148	1112
997	1112	1148	1149	1113
998	1113	1149	1150	1114
999	1114	1150	118	117
1000	31	32	1151	1115
1001	1115	1151	1152	1116
1002	1116	1152	1153	1117
1003	1117	1153	1154	1118
1004	1118	1154	1155	1119
1005	1119	1155	1156	1120
1006	1120	1156	1157	1121
1007	1121	1157	1158	1122
1008	1122	1158	1159	1123
1009	1123	1159	1160	1124
1010	1124	1160	1161	1125
1011	1125	1161	1162	1126
1012	1126	1162	1163	1127
1013	1127	1163	1164	1128
1014	1128	1164	1165	1129
1015	1129	1165	1166	1130
1016	1130	1166	1167	1131
1017	1131	1167	1168	1132
1018	1132	1168	1169	1133
1019	1133	1169	1170	1134
1020	1134	1170	1171	1135
1021	1135	1171	1172	1136
1022	1136	1172	1173	1137
1023	1137	1173	1174	1138
1024	1138	1174	1175	1139
1025	1139	1175	1176	1140
1026	1140	1176	1177	1141
1027	1141	1177	1178	1142
1028	1142	1178	1179	1143
1029	1143	1179	1180	1144
1030	1144	1180	1181	1145
1031	1145	1181	1182	1146
1032	1146	1182	1183	1147
1033	1147	1183	1184	1148
1034	1148	1184	1185	1149
1035	1149	1185	1186	1150
1036	1150	1186	119	118
1037	32	33	1187	1151
1038	1151	1187	1188	1152
1039	1152	1188	1189	1153
1040	1153	1189	1190	1154
1041	1154	1190	1191	1155
1042	1155	1191	1192	1156
1043	1156	1192	1193	1157
1044	1157	1193	1194	1158
1045	1158	1194	1195	1159
1046	1159	1195	1196	1160
1047	1160	1196	1197	1161
1048	1161	1197	1198	1162
1049	1162	1198	1199	1163
1050	1163	1199	1200	1164
1051	1164	1200	1201	1165
1052	1165	1201	1202	1166
1053	1166	1202	1203	1167
1054	1167	1203	1204	1168
1055	1168	1204	1205	1169
1056	1169	1205	1206	1170
1057	1170	1206	1207	1171
1058	1171	1207	1208	1172
1059	1172	1208	1209	1173
1060	1173	1209	1210	1174
1061	1174	1210	1211	1175
1062	1175	1211	1212	1176
1063	1176	1212	1213	1177
1064	1177	1213	1214	1178
1065	1178	1214	1215	1179
1066	1179	1215	1216	1180
1067	1180	1216	1217	1181
1068	1181	1217	1218	1182
1069	1182	1218	1219	1183
1070	1183	1219	1220	1184
1071	1184	1220	1221	1185
1072	1185	1221	1222	1186
1073	1186	1222	120	119
1074	33	34	1223	1187
1075	1187	1223	1224	1188
1076	1188	1224	1225	1189
1077	1189	1225	1226	1190
1078	1190	1226	1227	1191
1079	1191	1227	1228	1192
1080	1192	1228	1229	1193
1081	1193	1229	1230	1194
1082	1194	1230	1231	1195
1083	1195	1231	1232	1196
1084	1196	1232	1233	1197
1085	1197	1233	1234	1198
1086	1198	1234	1235	1199
1087	1199	1235	1236	1200
1088	1200	1236	1237	1201
1089	1201	1237	1238	1202
1090	1202	1238	1239	1203
1091	1203	1239	1240	1204
1092	1204	1240	1241	1205
1093	1205	1241	1242	1206
1094	1206	1242	1243	1207
1095	1207	1243	1244	1208
1096	1208	1244	1245	1209
1097	1209	1245	1246	1210
1098	1210	1246	1247	1211
1099	1211	1247	1248	1212
1100	1212	1248	1249	1213
1101	1213	1249	1250	1214
1102	1214	1250	1251	1215
1103	1215	1251	1252	1216
1104	1216	1252	1253	1217
1105	1217	1253	1254	1218
1106	1218	1254	1255	1219
1107	1219	1255	1256	1220
1108	1220	1256	1257	1221
1109	1221	1257	1258	1222
1110	1222	1258	121	120
1111	34	35	1259	1223
1112	1223	1259	1260	1224
1113	1224	1260	1261	1225
1114	1225	1261	1262	1226
1115	1226	1262	1263	1227
1116	1227	1263	1264	1228
1117	1228	1264	1265	1229
1118	1229	1265	1266	1230
1119	1230	1266	1267	1231
1120	1231	1267	1268	1232
1121	1232	1268	1269	1233
1122	1233	1269	1270	1234
1123	1234	1270	1271	1235
1124	1235	1271	1272	1236
1125	1236	1272	1273	1237
1126	1237	1273	1274	1238
1127	1238	1274	1275	1239
1128	1239	1275	1276	1240
1129	1240	1276	1277	1241
1130	1241	1277	1278	1242
1131	1242	1278	1279	1243
1132	1243	1279	1280	1244
1133	1244	1280	1281	1245
1134	1245	1281	1282	1246
1135	1246	1282	1283	1247
1136	1247	1283	1284	1248
1137	1248	1284	1285	1249
1138	1249	1285	1286	1250
1139	1250	1286	1287	1251
1140	1251	1287	1288	1252
1141	1252	1288	1289	1253
1142	1253	1289	1290	1254
1143	1254	1290	1291	1255
1144	1255	1291	1292	1256
1145	1256	1292	1293	1257
1146	1257	1293	1294	1258
1147	1258	1294	122	121
1148	35	36	1295	1259
1149	1259	1295	1296	1260
1150	1260	1296	1297	1261
1151	1261	1297	1298	1262
1152	1262	1298	1299	1263
1153	1263	1299	1300	1264
1154	1264	1300	1301	1265
1155	1265	1301	1302	1266
1156	1266	1302	1303	1267
1157	1267	1303	1304	1268
1158	1268	1304	1305	1269
1159	1269	1305	1306	1270
1160	1270	1306	1307	1271
1161	1271	1307	1308	1272
1162	1272	1308	1309	1273
1163	1273	1309	1310	1274
1164	1274	1310	1311	1275
1165	1275	1311	1312	1276
1166	1276	1312	1313	1277
1167	1277	1313	1314	1278
1168	1278	1314	1315	1279
1169	1279	1315	1316	1280
1170	1280	1316	1317	1281
1171	1281	1317	1318	1282
1172	1282	1318	1319	1283
1173	1283	1319	1320	1284
1174	1284	1320	1321	1285
1175	1285	1321	1322	1286
1176	1286	1322	1323	1287
1177	1287	1323	1324	1288
1178	1288	1324	1325	1289
1179	1289	1325	1326	1290
1180	1290	1326	1327	1291
1181	1291	1327	1328	1292
1182	1292	1328	1329	1293
1183	1293	1329	1330	1294
1184	1294	1330	123	122
1185	36	37	1331	1295
1186	1295	1331	1332	1296
1187	1296	1332	1333	1297
1188	1297	1333	1334	1298
1189	1298	1334	1335	1299
1190	1299	1335	1336	1300
1191	1300	1336	1337	1301
1192	1301	1337	1338	1302
1193	1302	1338	1339	1303
1194	1303	1339	1340	1304
1195	1304	1340	1341	1305
1196	1305	1341	1342	1306
1197	1306	1342	1343	1307
1198	1307	1343	1344	1308
1199	1308	1344	1345	1309
1200	1309	1345	1346	1310
1201	1310	1346	1347	1311
1202	1311	1347	1348	1312
1203	1312	1348	1349	1313
1204	1313	1349	1350	1314
1205	1314	1350	1351	1315
1206	1315	1351	1352	1316
1207	1316	1352	1353	1317
1208	1317	1353	1354	1318
1209	1318	1354	1355	1319
1210	1319	1355	1356	1320
1211	1320	1356	1357	1321
1212	1321	1357	1358	1322
1213	1322	1358	1359	1323
1214	1323	1359	1360	1324
1215	1324	1360	1361	1325
1216	1325	1361	1362	1326
1217	1326	1362	1363	1327
1218	1327	1363	1364	1328
1219	1328	1364	1365	1329
1220	1329	1365	1366	1330
1221	1330	1366	124	123
1222	37	38	1367	1331
1223	1331	1367	1368	1332
1224	1332	1368	1369	1333
1225	1333	1369	1370	1334
1226	1334	1370	1371	1335
1227	1335	1371	1372	1336
1228	1336	1372	1373	1337
1229	1337	1373	1374	1338
1230	1338	1374	1375	1339
1231	1339	1375	1376	1340
1232	1340	1376	1377	1341
1233	1341	1377	1378	1342
1234	1342	1378	1379	1343
1235	1343	1379	1380	1344
1236	1344	1380	1381	1345
1237	1345	1381	1382	1346
1238	1346	1382	1383	1347
1239	1347	1383	1384	1348
1240	1348	1384	1385	1349
1241	1349	1385	1386	1350
1242	1350	1386	1387	1351
1243	1351	1387	1388	1352
1244	1352	1388	1389	1353
1245	1353	1389	1390	1354
1246	1354	1390	1391	1355
1247	1355	1391	1392	1356
1248	1356	1392	1393	1357
1249	1357	1393	1394	1358
1250	1358	1394	1395	1359
1251	1359	1395	1396	1360
1252	1360	1396	1397	1361
1253	1361	1397	1398	1362
1254	1362	1398	1399	1363
1255	1363	1399	1400	1364
1256	1364	1400	1401	1365
1257	1365	1401	1402	1366
1258	1366	1402	125	124
1259	38	39	1403	1367
1260	1367	1403	1404	1368
1261	1368	1404	1405	1369
1262	1369	1405	1406	1370
1263	1370	1406	1407	1371
1264	1371	1407	1408	1372
1265	1372	1408	1409	1373
1266	1373	1409	1410	1374
1267	1374	1410	1411	1375
1268	1375	1411	1412	1376
1269	1376	1412	1413	1377
1270	1377	1413	1414	1378
1271	1378	1414	1415	1379
1272	1379	1415	1416	1380
1273	1380	1416	1417	1381
1274	1381	1417	1418	1382
1275	1382	1418	1419	1383
1276	1383	1419	1420	1384
1277	1384	1420	1421	1385
1278	1385	1421	1422	1386
1279	1386	1422	1423	1387
1280	1387	1423	1424	1388
1281	1388	1424	1425	1389
1282	1389	1425	1426	1390
1283	1390	1426	1427	1391
1284	1391	1427	1428	1392
1285	1392	1428	1429	1393
1286	1393	1429	1430	1394
1287	1394	1430	1431	1395
1288	1395	1431	1432	1396
1289	1396	1432	1433	1397
1290	1397	1433	1434	1398
1291	1398	1434	1435	1399
1292	1399	1435	1436	1400
1293	1400	1436	1437	1401
1294	1401	1437	1438	1402
1295	1402	1438	126	125
1296	39	40	1439	1403
1297	1403	1439	1440	1404
1298	1404	1440	1441	1405
1299	1405	1441	1442	1406
1300	1406	1442	1443	1407
1301	1407	1443	1444	1408
1302	1408	1444	1445	1409
1303	1409	1445	1446	1410
1304	1410	1446	1447	1411
1305	1411	1447	1448	1412
1306	1412	1448	1449	1413
1307	1413	1449	1450	1414
1308	1414	1450	1451	1415
1309	1415	1451	1452	1416
1310	1416	1452	1453	1417
1311	1417	1453	1454	1418
1312	1418	1454	1455	1419
1313	1419	1455	1456	1420
1314	1420	1456	1457	1421
1315	1421	1457	1458	1422
1316	1422	1458	1459	1423
1317	1423	1459	1460	1424
1318	1424	1460	1461	1425
1319	1425	1461	1462	1426
1320	1426	1462	1463	1427
1321	1427	1463	1464	1428
1322	1428	1464	1465	1429
1323	1429	1465	1466	1430
1324	1430	1466	1467	1431
1325	1431	1467	1468	1432
1326	1432	1468	1469	1433
1327	1433	1469	1470	1434
1328	1434	1470	1471	1435
1329	1435	1471	1472	1436
1330	1436	1472	1473	1437
1331	1437	1473	1474	1438
1332	1438	1474	127	126
1333	40	41	1475	1439
1334	1439	1475	1476	1440
1335	1440	1476	1477	1441
1336	1441	1477	1478	1442
1337	1442	1478	1479	1443
1338	1443	1479	1480	1444
1339	1444	1480	1481	1445
1340	1445	1481	1482	1446
1341	1446	1482	1483	1447
1342	1447	1483	1484	1448
1343	1448	1484	1485	1449
1344	1449	1485	1486	1450
1345	1450	1486	1487	1451
1346	1451	1487	1488	1452
1347	1452	1488	1489	1453
1348	1453	1489	1490	1454
1349	1454	1490	1491	1455
1350	1455	1491	1492	1456
1351	1456	1492	1493	1457
1352	1457	1493	1494	1458
1353	1458	1494	1495	1459
1354	1459	1495	1496	1460
1355	1460	1496	1497	1461
1356	1461	1497	1498	1462
1357	1462	1498	1499	1463
1358	1463	1499	1500	1464
1359	1464	1500	1501	1465
1360	1465	1501	1502	1466
1361	1466	1502	1503	1467
1362	1467	1503	1504	1468
1363	1468	1504	1505	1469
1364	1469	1505	1506	1470
1365	1470	1506	1507	1471
1366	1471	1507	1508	1472
1367	1472	1508	1509	1473
1368	1473	1509	1510	1474
1369	1474	1510	128	127
1370	41	42	1511	1475
1371	1475	1511	1512	1476
1372	1476	1512	1513	1477
1373	1477	1513	1514	1478
1374	1478	1514	1515	1479
1375	1479	1515	1516	1480
1376	1480	1516	1517	1481
1377	1481	1517	1518	1482
1378	1482	1518	1519	1483
1379	1483	1519	1520	1484
1380	1484	1520	1521	1485
1381	1485	1521	1522	1486
1382	1486	1522	1523	1487
1383	1487	1523	1524	1488
1384	1488	1524	1525	1489
1385	1489	1525	1526	1490
1386	1490	1526	1527	1491
1387	1491	1527	1528	1492
1388	1492	1528	1529	1493
1389	1493	1529	1530	1494
1390	1494	1530	1531	1495
1391	1495	1531	1532	1496
1392	1496	1532	1533	1497
1393	1497	1533	1534	1498
1394	1498	1534	1535	1499
1395	1499	1535	1536	1500
1396	1500	1536	1537	1501
1397	1501	1537	1538	1502
1398	1502	1538	1539	1503
1399	1503	1539	1540	1504
1400	1504	1540	1541	1505
1401	1505	1541	1542	1506
1402	1506	1542	1543	1507
1403	1507	1543	1544	1508
1404	1508	1544	1545	1509
1405	1509	1545	1546	1510
1406	1510	1546	129	128
1407	42	43	1547	1511
1408	1511	1547	1548	1512
1409	1512	1548	1549	1513
1410	1513	1549	1550	1514
1411	1514	1550	1551	1515
1412	1515	1551	1552	1516
1413	1516	1552	1553	1517
1414	1517	1553	1554	1518
1415	1518	1554	1555	1519
1416	1519	1555	1556	1520
1417	1520	1556	1557	1521
1418	1521	1557	1558	1522
1419	1522	1558	1559	1523
1420	1523	1559	1560	1524
1421	1524	1560	1561	1525
1422	1525	1561	1562	1526
1423	1526	1562	1563	1527
1424	1527	1563	1564	1528
1425	1528	1564	1565	1529
1426	1529	1565	1566	1530
1427	1530	1566	1567	1531
1428	1531	1567	1568	1532
1429	1532	1568	1569	1533
1430	1533	1569	1570	1534
1431	1534	1570	1571	1535
1432	1535	1571	1572	1536
1433	1536	1572	1573	1537
1434	1537	1573	1574	1538
1435	1538	1574	1575	1539
1436	1539	1575	1576	1540
1437	1540	1576	1577	1541
1438	1541	1577	1578	1542
1439	1542	1578	1579	1543
1440	1543	1579	1580	1544
1441	1544	1580	1581	1545
1442	1545	1581	1582	1546
1443	1546	1582	130	129
1444	43	44	1583	1547
1445	1547	1583	1584	1548
1446	1548	1584	1585	1549
1447	1549	1585	1586	1550
1448	1550	1586	1587	1551
1449	1551	1587	1588	1552
1450	1552	1588	1589	1553
1451	1553	1589	1590	1554
1452	1554	1590	1591	1555
1453	1555	1591	1592	1556
1454	1556	1592	1593	1557
1455	1557	1593	1594	1558
1456	1558	1594	1595	1559
1457	1559	1595	1596	1560
1458	1560	1596	1597	1561
1459	1561	1597	1598	1562
1460	1562	1598	1599	1563
1461	1563	1599	1600	1564
1462	1564	1600	1601	1565
1463	1565	1601	1602	1566
1464	1566	1602	1603	1567
1465	1567	1603	1604	1568
1466	1568	1604	1605	1569
1467	1569	1605	1606	1570
1468	1570	1606	1607	1571
1469	1571	1607	1608	1572
1470	1572	1608	1609	1573
1471	1573	1609	1610	1574
1472	1574	1610	1611	1575
1473	1575	1611	1612	1576
1474	1576	1612	1613	1577
1475	1577	1613	1614	1578
1476	1578	1614	1615	1579
1477	1579	1615	1616	1580
1478	1580	1616	1617	1581
1479	1581	1617	1618	1582
1480	1582	1618	131	130
1481	44	45	1619	1583
1482	1583	1619	1620	1584
1483	1584	1620	1621	1585
1484	1585	1621	1622	1586
1485	1586	1622	1623	1587
1486	1587	1623	1624	1588
1487	1588	1624	1625	1589
1488	1589	1625	1626	1590
1489	1590	1626	1627	1591
1490	1591	1627	1628	1592
1491	1592	1628	1629	1593
1492	1593	1629	1630	1594
1493	1594	1630	1631	1595
1494	1595	1631	1632	1596
1495	1596	1632	1633	1597
1496	1597	1633	1634	1598
1497	1598	1634	1635	1599
1498	1599	1635	1636	1600
1499	1600	1636	1637	1601
1500	1601	1637	1638	1602
1501	1602	1638	1639	1603
1502	1603	1639	1640	1604
1503	1604	1640	1641	1605
1504	1605	1641	1642	1606
1505	1606	1642	1643	1607
1506	1607	1643	1644	1608
1507	1608	1644	1645	1609
1508	1609	1645	1646	1610
1509	1610	1646	1647	1611
1510	1611	1647	1648	1612
1511	1612	1648	1649	1613
1512	1613	1649	1650	1614
1513	1614	1650	1651	1615
1514	1615	1651	1652	1616
1515	1616	1652	1653	1617
1516	1617	1653	1654	1618
1517	1618	1654	132	131
1518	45	46	1655	1619
1519	1619	1655	1656	1620
1520	1620	1656	1657	1621
1521	1621	1657	1658	1622
1522	1622	1658	1659	1623
1523	1623	1659	1660	1624
1524	1624	1660	1661	1625
1525	1625	1661	1662	1626
1526	1626	1662	1663	1627
1527	1627	1663	1664	1628
1528	1628	1664	1665	1629
1529	1629	1665	1666	1630
1530	1630	1666	1667	1631
1531	1631	1667	1668	1632
1532	1632	1668	1669	1633
1533	1633	1669	1670	1634
1534	1634	1670	1671	1635
1535	1635	1671	1672	1636
1536	1636	1672	1673	1637
1537	1637	1673	1674	1638
1538	1638	1674	1675	1639
1539	1639	1675	1676	1640
1540	1640	1676	1677	1641
1541	1641	1677	1678	1642
1542	1642	1678	1679	1643
1543	1643	1679	1680	1644
1544	1644	1680	1681	1645
1545	1645	1681	1682	1646
1546	1646	1682	1683	1647
1547	1647	1683	1684	1648
1548	1648	1684	1685	1649
1549	1649	1685	1686	1650
1550	1650	1686	1687	1651
1551	1651	1687	1688	1652
1552	1652	1688	1689	1653
1553	1653	1689	1690	1654
1554	1654	1690	133	132
1555	46	47	1691	1655
1556	1655	1691	1692	1656
1557	1656	1692	1693	1657
1558	1657	1693	1694	1658
1559	1658	1694	1695	1659
1560	1659	1695	1696	1660
1561	1660	1696	1697	1661
1562	1661	1697	1698	1662
1563	1662	1698	1699	1663
1564	1663	1699	1700	1664
1565	1664	1700	1701	1665
1566	1665	1701	1702	1666
1567	1666	1702	1703	1667
1568	1667	1703	1704	1668
1569	1668	1704	1705	1669
1570	1669	1705	1706	1670
1571	1670	1706	1707	1671
1572	1671	1707	1708	1672
1573	1672	1708	1709	1673
1574	1673	1709	1710	1674
1575	1674	1710	1711	1675
1576	1675	1711	1712	1676
1577	1676	1712	1713	1677
1578	1677	1713	1714	1678
1579	1678	1714	1715	1679
1580	1679	1715	1716	1680
1581	1680	1716	1717	1681
1582	1681	1717	1718	1682
1583	1682	1718	1719	1683
1584	1683	1719	1720	1684
1585	1684	1720	1721	1685
1586	1685	1721	1722	1686
1587	1686	1722	1723	1687
1588	1687	1723	1724	1688
1589	1688	1724	1725	1689
1590	1689	1725	1726	1690
1591	1690	1726	134	133
1592	47	48	1727	1691
1593	1691	1727	1728	1692
1594	1692	1728	1729	1693
1595	1693	1729	1730	1694
1596	1694	1730	1731	1695
1597	1695	1731	1732	1696
1598	1696	1732	1733	1697
1599	1697	1733	1734	1698
1600	1698	1734	1735	1699
1601	1699	1735	1736	1700
1602	1700	1736	1737	1701
1603	1701	1737	1738	1702
1604	1702	1738	1739	1703
1605	1703	1739	1740	1704
1606	1704	1740	1741	1705
1607	1705	1741	1742	1706
1608	1706	1742	1743	1707
1609	1707	1743	1744	1708
1610	1708	1744	1745	1709
1611	1709	1745	1746	1710
1612	1710	1746	1747	1711
1613	1711	1747	1748	1712
1614	1712	1748	1749	1713
1615	1713	1749	1750	1714
1616	1714	1750	1751	1715
1617	1715	1751	1752	1716
1618	1716	1752	1753	1717
1619	1717	1753	1754	1718
1620	1718	1754	1755	1719
1621	1719	1755	1756	1720
1622	1720	1756	1757	1721
1623	1721	1757	1758	1722
1624	1722	1758	1759	1723
1625	1723	1759	1760	1724
1626	1724	1760	1761	1725
1627	1725	1761	1762	1726
1628	1726	1762	135	134
1629	48	49	1763	1727
1630	1727	1763	1764	1728
1631	1728	1764	1765	1729
1632	1729	1765	1766	1730
1633	1730	1766	1767	1731
1634	1731	1767	1768	1732
1635	1732	1768	1769	1733
1636	1733	1769	1770	1734
1637	1734	1770	1771	1735
1638	1735	1771	1772	1736
1639	1736	1772	1773	1737
1640	1737	1773	1774	1738
1641	1738	1774	1775	1739
1642	1739	1775	1776	1740
1643	1740	1776	1777	1741
1644	1741	1777	1778	1742
1645	1742	1778	1779	1743
1646	1743	1779	1780	1744
1647	1744	1780	1781	1745
1648	1745	1781	1782	1746
1649	1746	1782	1783	1747
1650	1747	1783	1784	1748
1651	1748	1784	1785	1749
1652	1749	1785	1786	1750
1653	1750	1786	1787	1751
1654	1751	1787	1788	1752
1655	1752	1788	1789	1753
1656	1753	1789	1790	1754
1657	1754	1790	1791	1755
1658	1755	1791	1792	1756
1659	1756	1792	1793	1757
1660	1757	1793	1794	1758
1661	1758	1794	1795	1759
1662	1759	1795	1796	1760
1663	1760	1796	1797	1761
1664	1761	1797	1798	1762
1665	1762	1798	136	135
1666	49	50	1799	1763
1667	1763	1799	1800	1764
1668	1764	1800	1801	1765
1669	1765	1801	1802	1766
1670	1766	1802	1803	1767
1671	1767	1803	1804	1768
1672	1768	1804	1805	1769
1673	1769	1805	1806	1770
1674	1770	1806	1807	1771
1675	1771	1807	1808	1772
1676	1772	1808	1809	1773
1677	1773	1809	1810	1774
1678	1774	1810	1811	1775
1679	1775	1811	1812	1776
1680	1776	1812	1813	1777
1681	1777	1813	1814	1778
1682	1778	1814	1815	1779
1683	1779	1815	1816	1780
1684	1780	1816	1817	1781
1685	1781	1817	1818	1782
1686	1782	1818	1819	1783
1687	1783	1819	1820	1784
1688	1784	1820	1821	1785
1689	1785	1821	1822	1786
1690	1786	1822	1823	1787
1691	1787	1823	1824	1788
1692	1788	1824	1825	1789
1693	1789	1825	1826	1790
1694	1790	1826	1827	1791
1695	1791	1827	1828	1792
1696	1792	1828	1829	1793
1697	1793	1829	1830	1794
1698	1794	1830	1831	1795
1699	1795	1831	1832	1796
1700	1796	1832	1833	1797
1701	1797	1833	1834	1798
1702	1798	1834	137	136
1703	50	51	1835	1799
1704	1799	1835	1836	1800
1705	1800	1836	1837	1801
1706	1801	1837	1838	1802
1707	1802	1838	1839	1803
1708	1803	1839	1840	1804
1709	1804	1840	1841	1805
1710	1805	1841	1842	1806
1711	1806	1842	1843	1807
1712	1807	1843	1844	1808
1713	1808	1844	1845	1809
1714	1809	1845	1846	1810
1715	1810	1846	1847	1811
1716	1811	1847	1848	1812
1717	1812	1848	1849	1813
1718	1813	1849	1850	1814
1719	1814	1850	1851	1815
1720	1815	1851	1852	1816
1721	1816	1852	1853	1817
1722	1817	1853	1854	1818
1723	1818	1854	1855	1819
1724	1819	1855	1856	1820
1725	1820	1856	1857	1821
1726	1821	1857	1858	1822
1727	1822	1858	1859	1823
1728	1823	1859	1860	1824
1729	1824	1860	1861	1825
1730	1825	1861	1862	1826
1731	1826	1862	1863	1827
1732	1827	1863	1864	1828
1733	1828	1864	1865	1829
1734	1829	1865	1866	1830
1735	1830	1866	1867	1831
1736	1831	1867	1868	1832
1737	1832	1868	1869	1833
1738	1833	1869	1870	1834
1739	1834	1870	138	137
1740	51	52	1871	1835
1741	1835	1871	1872	1836
1742	1836	1872	1873	1837
1743	1837	1873	1874	1838
1744	1838	1874	1875	1839
1745	1839	1875	1876	1840
1746	1840	1876	1877	1841
1747	1841	1877	1878	1842
1748	1842	1878	1879	1843
1749	1843	1879	1880	1844
1750	1844	1880	1881	1845
1751	1845	1881	1882	1846
1752	1846	1882	1883	1847
1753	1847	1883	1884	1848
1754	1848	1884	1885	1849
1755	1849	1885	1886	1850
1756	1850	1886	1887	1851
1757	1851	1887	1888	1852
1758	1852	1888	1889	1853
1759	1853	1889	1890	1854
1760	1854	1890	1891	1855
1761	1855	1891	1892	1856
1762	1856	1892	1893	1857
1763	1857	1893	1894	1858
1764	1858	1894	1895	1859
1765	1859	1895	1896	1860
1766	1860	1896	1897	1861
1767	1861	1897	1898	1862
1768	1862	1898	1899	1863
1769	1863	1899	1900	1864
1770	1864	1900	1901	1865
1771	1865	1901	1902	1866
1772	1866	1902	1903	1867
1773	1867	1903	1904	1868
1774	1868	1904	1905	1869
1775	1869	1905	1906	1870
1776	1870	1906	139	138
1777	52	53	1907	1871
1778	1871	1907	1908	1872
1779	1872	1908	1909	1873
1780	1873	1909	1910	1874
1781	1874	1910	1911	1875
1782	1875	1911	1912	1876
1783	1876	1912	1913	1877
1784	1877	1913	1914	1878
1785	1878	1914	1915	1879
1786	1879	1915	1916	1880
1787	1880	1916	1917	1881
1788	1881	1917	1918	1882
1789	1882	1918	1919	1883
1790	1883	1919	1920	1884
1791	1884	1920	1921	1885
1792	1885	1921	1922	1886
1793	1886	1922	1923	1887
1794	1887	1923	1924	1888
1795	1888	1924	1925	1889
1796	1889	1925	1926	1890
1797	1890	1926	1927	1891
1798	1891	1927	1928	1892
1799	1892	1928	1929	1893
1800	1893	1929	1930	1894
1801	1894	1930	1931	1895
1802	1895	1931	1932	1896
1803	1896	1932	1933	1897
1804	1897	1933	1934	1898
1805	1898	1934	1935	1899
1806	1899	1935	1936	1900
1807	1900	1936	1937	1901
1808	1901	1937	1938	1902
1809	1902	1938	1939	1903
1810	1903	1939	1940	1904
1811	1904	1940	1941	1905
1812	1905	1941	1942	1906
1813	1906	1942	140	139
1814	53	54	1943	1907
1815	1907	1943	1944	1908
1816	1908	1944	1945	1909
1817	1909	1945	1946	1910
1818	1910	1946	1947	1911
1819	1911	1947	1948	1912
1820	1912	1948	1949	1913
1821	1913	1949	1950	1914
1822	1914	1950	1951	1915
1823	1915	1951	1952	1916
1824	1916	1952	1953	1917
1825	1917	1953	1954	1918
1826	1918	1954	1955	1919
1827	1919	1955	1956	1920
1828	1920	1956	1957	1921
1829	1921	1957	1958	1922
1830	1922	1958	1959	1923
1831	1923	1959	1960	1924
1832	1924	1960	1961	1925
1833	1925	1961	1962	1926
1834	1926	1962	1963	1927
1835	1927	1963	1964	1928
1836	1928	1964	1965	1929
1837	1929	1965	1966	1930
1838	1930	1966	1967	1931
1839	1931	1967	1968	1932
1840	1932	1968	1969	1933
1841	1933	1969	1970	1934
1842	1934	1970	1971	1935
1843	1935	1971	1972	1936
1844	1936	1972	1973	1937
1845	1937	1973	1974	1938
1846	1938	1974	1975	1939
1847	1939	1975	1976	1940
1848	1940	1976	1977	1941
1849	1941	1977	1978	1942
1850	1942	1978	141	140
1851	54	55	1979	1943
1852	1943	1979	1980	1944
1853	1944	1980	1981	1945
1854	1945	1981	1982	1946
1855	1946	1982	1983	1947
1856	1947	1983	1984	1948
1857	1948	1984	1985	1949
1858	1949	1985	1986	1950
1859	1950	1986	1987	1951
1860	1951	1987	1988	1952
1861	1952	1988	1989	1953
1862	1953	1989	1990	1954
1863	1954	1990	1991	1955
1864	1955	1991	1992	1956
1865	1956	1992	1993	1957
1866	1957	1993	1994	1958
1867	1958	1994	1995	1959
1868	1959	1995	1996	1960
1869	1960	1996	1997	1961
1870	1961	1997	1998	1962
1871	1962	1998	1999	1963
1872	1963	1999	2000	1964
1873	1964	2000	2001	1965
1874	1965	2001	2002	1966
1875	1966	2002	2003	1967
1876	1967	2003	2004	1968
1877	1968	2004	2005	1969
1878	1969	2005	2006	1970
1879	1970	2006	2007	1971
1880	1971	2007	2008	1972
1881	1972	2008	2009	1973
1882	1973	2009	2010	1974
1883	1974	2010	2011	1975
1884	1975	2011	2012	1976
1885	1976	2012	2013	1977
1886	1977	2013	2014	1978
1887	1978	2014	142	141
1888	55	4	56	1979
1889	1979	56	57	1980
1890	1980	57	58	1981
1891	1981	58	59	1982
1892	1982	59	60	1983
1893	1983	60	61	1984
1894	1984	61	62	1985
1895	1985	62	63	1986
1896	1986	63	64	1987
1897	1987	64	65	1988
1898	1988	65	66	1989
1899	1989	66	67	1990
1900	1990	67	68	1991
1901	1991	68	69	1992
1902	1992	69	70	1993
1903	1993	70	71	1994
1904	1994	71	72	1995
1905	1995	72	73	1996
1906	1996	73	74	1997
1907	1997	74	75	1998
1908	1998	75	76	1999
1909	1999	76	77	2000
1910	2000	77	78	2001
1911	2001	78	79	2002
1912	2002	79	80	2003
1913	2003	80	81	2004
1914	2004	81	82	2005
1915	2005	82	83	2006
1916	2006	83	84	2007
1917	2007	84	85	2008
1918	2008	85	86	2009
1919	2009	86	87	2010
1920	2010	87	88	2011
1921	2011	88	89	2012
1922	2012	89	90	2013
1923	2013	90	91	2014
1924	2014	91	3	142
