---0---
0.5 0.98
0.5 0.96
0.5 0.94
0.491728 0.92
0.485926 0.905926
0.483489 0.9
0.48 0.891499
0.475297 0.88
0.472067 0.872067
0.467177 0.86
0.46 0.84214
0.459146 0.84
0.458579 0.838579
0.451233 0.82
0.445644 0.805644
0.44347 0.8
0.44 0.790919
0.435883 0.78
0.433442 0.773442
0.42852 0.76
0.422178 0.742178
0.421418 0.74
0.42 0.735907
0.414621 0.72
0.412002 0.712002
0.408187 0.7
0.403061 0.683061
0.402168 0.68
0.4 0.672413
0.396608 0.66
0.395402 0.655402
0.391574 0.64
0.38906 0.62906
0.387111 0.62
0.383985 0.603985
0.383269 0.6
0.38007 0.58007
0.38006 0.58
0.38 0.579576
0.37756 0.56
0.377271 0.557271
0.375753 0.54
0.37544 0.53544
0.374657 0.52
0.374481 0.514481
0.374282 0.5
0.374308 0.494308
0.374631 0.48
0.37484 0.47484
0.375706 0.46
0.376007 0.456007
0.377498 0.44
0.377745 0.437745
0.379994 0.42
0.379994 0.419994
0.38 0.419955
0.382708 0.402708
0.383179 0.4
0.385836 0.385836
0.387024 0.38
0.389333 0.369333
0.391491 0.36
0.393155 0.353155
0.39653 0.34
0.397262 0.337262
0.4 0.327317
0.401622 0.321622
0.402091 0.32
0.406204 0.306204
0.408122 0.3
0.410981 0.290981
0.414567 0.28
0.415925 0.275925
0.42 0.263949
0.421016 0.261016
0.421369 0.26
0.426233 0.246233
0.428479 0.24
0.431561 0.231561
0.435851 0.22
0.436983 0.216983
0.44 0.209003
0.442487 0.202487
0.443441 0.2
0.44806 0.18806
0.451212 0.18
0.453694 0.173694
0.459129 0.16
0.459378 0.159378
0.46 0.157819
0.465103 0.145103
0.467163 0.14
0.470865 0.130865
0.475289 0.12
0.476655 0.116655
0.48 0.108485
0.482469 0.102469
0.483483 0.1
0.4883 0.0883003
0.491726 0.08
0.494146 0.0741458
0.5 0.0600022
0.500001 0.0600006
0.500001 0.06
0.505862 0.0458616
0.508293 0.04
0.511726 0.0317257
0.51659 0.02
---1---
0.54 0.02
0.539916 0.0399158
0.539881 0.04
0.534028 0.0540283
0.531535 0.06
0.528136 0.0681364
0.52318 0.08
0.522243 0.0822434
0.52 0.0876155
0.516353 0.0963526
0.514831 0.1
0.510467 0.110467
0.506498 0.12
0.50459 0.12459
0.5 0.135651
0.498727 0.138727
0.4982 0.14
0.492882 0.152882
0.489954 0.16
0.48706 0.16706
0.481784 0.18
0.481269 0.181269
0.48 0.184398
0.475515 0.195515
0.473715 0.2
0.469804 0.209804
0.465775 0.22
0.464148 0.224148
0.46 0.234811
0.458556 0.238556
0.458001 0.24
0.453039 0.253039
0.450429 0.26
0.44761 0.26761
0.443104 0.28
0.442285 0.282285
0.44 0.288725
0.437084 0.297084
0.43608 0.3
0.432024 0.312024
0.42941 0.32
0.42713 0.32713
0.423161 0.34
0.422432 0.342432
0.42 0.350753
0.417966 0.357966
0.417405 0.36
0.413765 0.373765
0.41221 0.38
0.409875 0.389875
0.407652 0.4
0.406351 0.406351
0.403811 0.42
0.403257 0.423257
0.400757 0.44
0.400669 0.440669
0.4 0.445995
0.398658 0.458658
0.398535 0.46
0.397316 0.477316
0.397187 0.48
0.396749 0.496749
0.396739 0.5
0.397073 0.517073
0.397198 0.52
0.398406 0.538406
0.398547 0.54
0.4 0.553592
0.400806 0.56
0.40093 0.56093
0.403864 0.58
0.404701 0.584701
0.407706 0.6
0.409867 0.609867
0.412257 0.62
0.416485 0.636485
0.41744 0.64
0.42 0.649122
0.423193 0.66
0.424583 0.664583
0.429429 0.68
0.434071 0.694071
0.436085 0.7
0.44 0.711267
0.443105 0.72
0.444856 0.724856
0.450418 0.74
0.456727 0.756727
0.45798 0.76
0.46 0.765244
0.465751 0.78
0.469499 0.789499
0.473681 0.8
0.48 0.815693
0.481746 0.82
0.482942 0.822942
0.48991 0.84
0.496847 0.856847
0.49815 0.86
0.5 0.864468
0.506446 0.88
0.511039 0.891039
0.514773 0.9
0.52 0.912525
0.523121 0.92
0.525359 0.925359
0.531471 0.94
0.539682 0.959682
0.539815 0.96
0.54 0.960444
0.54814 0.98
