---0---
0.02 0.02
0.04 0.04
0.06 0.06
0.08 0.08
0.1 0.1
0.12 0.12
0.14 0.14
0.16 0.16
0.18 0.18
0.2 0.2
0.22 0.22
0.24 0.24
0.26 0.26
0.28 0.28
0.3 0.3
0.32 0.32
0.34 0.34
0.36 0.36
0.38 0.38
0.4 0.4
0.42 0.42
0.44 0.44
0.46 0.46
0.48 0.48
0.5 0.5
0.51 0.51
---1---
0.02 0.98
0.03 0.97
0.04 0.96
0.05 0.95
0.06 0.94
0.07 0.93
0.08 0.92
0.09 0.91
0.1 0.9
0.11 0.89
0.12 0.88
0.13 0.87
0.14 0.86
0.15 0.85
0.16 0.84
0.17 0.83
0.18 0.82
0.19 0.81
0.2 0.8
0.21 0.79
0.22 0.78
0.23 0.77
0.24 0.76
0.25 0.75
0.26 0.74
0.27 0.73
0.28 0.72
0.29 0.71
0.3 0.7
0.31 0.69
0.32 0.68
0.33 0.67
0.34 0.66
0.35 0.65
0.36 0.64
0.37 0.63
0.38 0.62
0.39 0.61
0.4 0.6
0.41 0.59
0.42 0.58
0.43 0.57
0.44 0.56
0.45 0.55
0.46 0.54
0.47 0.53
0.48 0.52
0.487337 0.507337
0.488342 0.5
0.492858 0.492858
0.5 0.480105
0.5 0.48
0.5 0.48
0.5 0.46
0.5 0.44
0.5 0.42
0.5 0.4
0.5 0.38
0.5 0.36
0.5 0.34
0.5 0.32
0.5 0.3
0.5 0.28
0.5 0.26
0.5 0.24
0.5 0.22
0.5 0.2
0.5 0.18
0.5 0.16
0.5 0.14
0.5 0.12
0.5 0.1
0.5 0.08
0.5 0.06
0.5 0.04
0.5 0.02
---2---
0.98 0.02
0.97 0.03
0.96 0.04
0.95 0.05
0.94 0.06
0.93 0.07
0.92 0.08
0.91 0.09
0.9 0.1
0.89 0.11
0.88 0.12
0.87 0.13
0.86 0.14
0.85 0.15
0.84 0.16
0.83 0.17
0.82 0.18
0.81 0.19
0.8 0.2
0.79 0.21
0.78 0.22
0.77 0.23
0.76 0.24
0.75 0.25
0.74 0.26
0.73 0.27
0.72 0.28
0.71 0.29
0.7 0.3
0.69 0.31
0.68 0.32
0.67 0.33
0.66 0.34
0.65 0.35
0.64 0.36
0.63 0.37
0.62 0.38
0.61 0.39
0.6 0.4
0.59 0.41
0.58 0.42
0.57 0.43
0.56 0.44
0.55 0.45
0.54 0.46
0.53 0.47
0.52 0.48
0.507337 0.487337
0.5 0.488342
0.492858 0.492858
0.480105 0.5
0.48 0.5
0.48 0.5
0.46 0.5
0.44 0.5
0.42 0.5
0.4 0.5
0.38 0.5
0.36 0.5
0.34 0.5
0.32 0.5
0.3 0.5
0.28 0.5
0.26 0.5
0.24 0.5
0.22 0.5
0.2 0.5
0.18 0.5
0.16 0.5
0.14 0.5
0.12 0.5
0.1 0.5
0.08 0.5
0.06 0.5
0.04 0.5
0.02 0.5
---3---
0.98 0.98
0.96 0.96
0.98 0.98
